Date,Open,High,Low,Close,Volume
2019-01-04,1824.71,1894.18,1812.17,1890.33,56584
2019-01-07,1944.36,1993.57,1944.36,1968.49,49226
2019-01-08,1950.15,2013.84,1950.15,1982.0,47567
2019-01-09,1996.46,2025.4,1985.84,2000.32,42697
2019-01-10,1915.41,1953.04,1889.36,1912.52,111924
2019-01-11,1911.55,1937.61,1853.64,1879.71,109332
2019-01-15,1855.59,1918.31,1852.7,1917.35,46635
2019-01-16,1919.26,1973.32,1916.37,1938.57,51091
2019-01-17,1933.74,1973.32,1902.85,1924.1,40209
2019-01-18,1924.1,1975.24,1924.1,1934.71,40314
2019-01-21,1940.5,1984.88,1928.93,1956.9,45184
2019-01-22,1972.34,2003.23,1949.18,1964.62,35442
2019-01-23,1930.85,1956.9,1926.02,1943.39,47153
2019-01-24,1953.99,2012.87,1948.22,2000.32,74410
2019-01-25,1996.46,2009.98,1965.58,1971.38,44459
2019-01-28,2002.25,2002.25,1935.68,1935.68,35442
2019-01-29,1929.88,1979.09,1926.02,1970.41,55962
2019-01-30,1969.45,1999.36,1947.25,1956.9,77103
2019-01-31,1965.58,2021.55,1948.22,1970.41,55029
2019-02-01,1953.99,2007.07,1945.32,1993.57,58760
2019-02-04,2011.9,2073.67,2003.23,2036.02,56480
2019-02-05,2050.5,2064.97,2028.31,2061.12,55029
2019-02-06,2062.08,2111.29,2038.91,2098.75,79280
2019-02-07,2095.85,2110.32,2022.52,2034.09,70988
2019-02-08,2018.66,2066.92,1976.2,2037.97,85809
2019-02-12,2058.22,2239.62,2056.29,2191.38,177627
2019-02-13,2190.42,2211.65,2115.15,2136.38,96171
2019-02-14,2153.74,2198.14,2140.24,2140.24,54512
2019-02-15,2122.86,2122.86,2070.77,2084.28,55339
2019-02-18,2105.5,2184.62,2101.64,2172.09,60211
2019-02-19,2175.95,2185.58,2151.83,2158.57,23317
2019-02-20,2158.57,2170.15,2125.77,2139.27,23421
2019-02-21,2128.67,2175.95,2119.02,2167.26,24976
2019-02-22,2151.83,2167.26,2134.43,2156.65,21762
2019-02-25,2164.36,2208.74,2160.51,2198.14,31090
2019-02-26,2187.52,2219.36,2157.61,2160.51,31816
2019-02-27,2179.8,2221.3,2179.8,2199.09,44146
2019-02-28,2175.95,2176.91,2156.65,2157.61,36686
2019-03-01,2163.4,2180.77,2127.68,2174.01,39796
2019-03-04,2181.74,2214.54,2177.88,2195.25,37930
2019-03-05,2180.77,2230.95,2180.77,2186.57,46013
2019-03-06,2186.57,2225.14,2173.05,2214.54,46842
2019-03-07,2192.35,2202.96,2130.6,2149.9,63735
2019-03-08,2101.64,2150.84,2066.92,2079.45,76897
2019-03-11,2074.62,2091.99,2031.2,2077.53,60005
2019-03-12,2096.81,2099.71,2060.14,2086.2,70988
2019-03-13,2084.28,2085.24,2036.02,2049.54,47360
2019-03-14,2088.14,2132.51,2076.54,2104.54,37620
2019-03-15,2095.85,2129.62,2093.91,2101.64,28809
2019-03-18,2124.8,2140.24,2097.79,2140.24,32334
2019-03-19,2134.43,2136.38,2094.9,2130.6,22591
2019-03-20,2119.97,2138.32,2106.47,2117.08,23317
2019-03-22,2117.08,2136.38,2108.39,2120.94,26946
2019-03-25,2104.54,2106.47,2072.69,2098.75,43008
2019-03-26,2113.21,2188.49,2113.21,2184.62,93891
2019-03-27,2170.05,2206.97,2170.05,2195.32,47150
2019-03-28,2167.15,2184.62,2119.54,2120.52,50238
2019-03-29,2132.18,2171.03,2128.29,2131.2,30575
2019-04-01,2141.89,2192.4,2141.89,2183.67,50341
2019-04-02,2206.97,2211.84,2157.42,2172.0,38810
2019-04-03,2148.69,2158.41,2126.34,2155.49,43443
2019-04-04,2150.63,2153.55,2122.46,2137.03,37987
2019-04-05,2122.46,2136.05,2103.03,2134.12,29649
2019-04-08,2137.03,2185.59,2137.03,2173.94,31811
2019-04-09,2173.94,2176.86,2138.0,2169.09,32942
2019-04-10,2149.66,2161.31,2132.18,2149.66,18015
2019-04-11,2141.89,2148.69,2117.61,2133.14,17295
2019-04-12,2135.09,2135.09,2104.97,2111.77,17500
2019-04-15,2136.05,2165.2,2136.05,2158.41,32120
2019-04-16,2171.03,2196.28,2159.37,2194.34,36339
2019-04-17,2196.28,2221.55,2195.32,2215.7,21516
2019-04-18,2215.7,2217.66,2168.11,2178.8,19559
2019-04-19,2194.34,2219.6,2178.8,2197.26,26252
2019-04-22,2183.67,2194.34,2166.17,2190.46,13692
2019-04-23,2180.74,2183.67,2153.55,2167.15,17500
2019-04-24,2152.57,2187.54,2151.61,2166.17,23677
2019-04-25,2181.72,2220.56,2181.72,2218.62,46017
2019-04-26,2218.62,2221.55,2194.34,2203.09,30986
2019-05-07,2202.11,2273.02,2196.28,2209.89,65989
2019-05-08,2205.03,2205.03,2138.0,2144.81,36546
2019-05-09,2158.41,2158.41,2070.0,2083.61,32531
2019-05-10,2068.06,2104.97,2058.34,2100.12,44473
2019-05-13,2095.26,2095.26,2043.78,2045.72,31090
2019-05-14,2024.35,2083.61,1981.61,2073.9,29855
2019-05-15,2114.69,2123.44,2030.18,2058.34,48385
2019-05-16,2096.23,2167.15,2096.23,2125.38,67122
2019-05-17,2163.26,2286.62,2163.26,2268.17,102844
2019-05-20,2268.17,2395.43,2268.17,2385.7,137537
2019-05-21,2361.42,2480.9,2343.94,2461.47,130020
2019-05-22,2445.92,2458.56,2338.1,2416.8,62489
2019-05-23,2399.31,2410.96,2350.74,2407.07,38606
2019-05-24,2405.13,2486.72,2369.19,2486.72,51474
2019-05-27,2496.43,2496.43,2437.18,2465.35,26046
2019-05-28,2456.62,2461.47,2434.28,2442.04,28825
2019-05-29,2409.01,2414.85,2353.65,2359.47,47150
2019-05-30,2348.79,2348.79,2282.73,2329.36,30370
2019-05-31,2326.45,2337.14,2273.99,2303.13,22341
2019-06-03,2254.56,2275.93,2223.47,2224.46,22133
2019-06-04,2229.32,2229.32,2185.59,2213.76,28825
2019-06-05,2245.83,2275.93,2236.12,2255.54,20384
2019-06-06,2255.54,2272.06,2209.89,2245.83,44577
2019-06-07,2245.83,2274.97,2232.23,2264.28,29751
2019-06-10,2266.22,2288.56,2254.56,2261.37,14412
2019-06-11,2280.8,2299.26,2251.64,2298.28,32017
2019-06-12,2278.85,2293.41,2258.45,2258.45,17089
2019-06-13,2256.51,2256.51,2200.18,2215.7,24604
2019-06-14,2213.76,2213.76,2180.74,2194.34,35104
2019-06-17,2177.83,2181.72,2155.49,2172.98,38296
2019-06-18,2164.23,2222.52,2119.54,2125.38,33252
2019-06-19,2155.49,2183.67,2137.03,2173.94,54047
2019-06-20,2174.91,2209.89,2156.46,2198.23,24810
2019-06-21,2198.23,2198.23,2157.42,2165.2,34281
2019-06-24,2181.72,2181.72,2138.0,2146.74,23781
2019-06-25,2156.46,2175.89,2129.24,2139.94,19559
2019-06-26,2150.63,2161.31,2132.18,2135.09,19354
2019-06-27,2138.97,2185.59,2138.0,2184.62,25737
2019-06-28,2164.23,2190.46,2162.29,2178.8,27074
2019-07-01,2224.46,2249.71,2195.32,2249.71,32841
2019-07-02,2249.71,2263.31,2227.37,2236.12,25633
2019-07-03,2258.45,2314.78,2240.97,2286.62,43033
2019-07-04,2291.49,2362.38,2291.49,2341.99,50547
2019-07-05,2326.45,2330.35,2259.43,2288.56,31811
2019-07-08,2276.92,2280.8,2230.27,2260.4,33870
2019-07-09,2273.99,2320.63,2273.99,2302.17,32531
2019-07-10,2303.13,2322.57,2284.68,2296.34,27898
2019-07-11,2312.84,2326.45,2300.22,2311.88,20384
2019-07-12,2329.36,2365.31,2311.88,2325.48,36031
2019-07-16,2325.48,2368.22,2320.63,2363.36,35929
2019-07-17,2371.13,2373.07,2342.95,2351.7,27487
2019-07-18,2371.13,2371.13,2302.17,2321.59,64239
2019-07-19,2322.57,2344.91,2312.84,2333.25,33148
2019-07-22,2332.27,2345.87,2265.25,2318.68,40458
2019-07-23,2326.45,2327.42,2297.3,2315.78,22031
2019-07-24,2322.57,2322.57,2288.56,2313.82,25324
2019-07-25,2331.3,2374.04,2317.71,2362.38,21721
2019-07-26,2364.33,2453.7,2345.87,2403.19,52811
2019-07-29,2418.73,2447.88,2411.93,2421.64,28516
2019-07-30,2431.35,2474.1,2431.35,2452.73,43753
2019-07-31,2444.97,2462.44,2418.73,2427.48,26148
2019-08-01,2427.48,2453.7,2415.81,2440.09,27487
2019-08-02,2387.64,2387.64,2339.08,2346.85,26868
2019-08-05,2318.68,2392.5,2297.3,2377.94,64446
2019-08-06,2286.62,2364.33,2273.02,2344.91,35723
2019-08-07,2323.53,2369.19,2282.73,2317.71,43958
2019-08-08,2214.75,2214.75,1994.25,2066.12,259013
2019-08-09,2040.86,2086.52,2031.15,2043.78,82460
2019-08-13,2038.91,2045.72,1988.41,2024.35,72680
2019-08-14,2067.09,2100.12,2059.33,2094.29,26252
2019-08-15,2020.46,2078.76,2011.74,2073.9,33973
2019-08-16,2090.4,2096.23,2065.15,2087.49,21826
2019-08-19,2089.44,2108.86,2071.95,2103.03,23266
2019-08-20,2101.08,2128.29,2101.08,2126.34,11736
2019-08-21,2099.15,2124.4,2094.29,2102.06,5972
2019-08-22,2102.06,2117.61,2088.47,2112.74,20589
2019-08-23,2112.74,2128.29,2088.47,2108.86,31090
2019-08-26,2073.9,2120.52,2061.27,2104.01,26252
2019-08-27,2120.52,2154.51,2116.63,2142.86,17809
2019-08-28,2131.2,2131.2,2097.2,2118.57,13074
2019-08-29,2138.97,2154.51,2106.92,2131.2,19354
2019-08-30,2132.18,2154.51,2124.4,2151.61,16368
2019-09-02,2138.0,2152.57,2067.09,2067.09,29855
2019-09-03,2060.28,2091.37,2012.69,2072.92,46635
2019-09-04,2059.33,2103.03,2041.83,2077.77,31090
2019-09-05,2071.95,2098.17,2050.58,2095.26,27178
2019-09-06,2099.15,2105.96,2059.33,2062.23,16986
2019-09-09,2063.2,2092.35,2051.54,2092.35,22341
2019-09-10,2081.66,2090.4,2065.15,2081.66,21826
2019-09-11,2080.69,2205.03,2080.69,2157.42,54767
2019-09-12,2185.59,2202.11,2168.11,2187.54,35723
2019-09-13,2196.28,2212.8,2165.2,2205.03,42105
2019-09-17,2171.03,2262.34,2171.03,2253.6,26252
2019-09-18,2263.31,2286.62,2221.55,2244.85,31811
2019-09-19,2247.76,2299.26,2247.76,2294.41,27796
2019-09-20,2292.45,2357.53,2272.06,2353.65,37164
2019-09-24,2338.1,2376.96,2338.1,2375.99,16472
2019-09-25,2375.99,2406.11,2360.45,2388.63,21207
2019-09-26,2409.01,2452.73,2409.01,2435.24,39635
2019-09-27,2445.99,2451.86,2393.22,2413.74,29061
2019-09-30,2412.77,2439.15,2359.03,2366.84,30495
2019-10-01,2358.04,2403.97,2358.04,2397.13,16476
2019-10-02,2404.94,2448.92,2404.94,2428.41,25686
2019-10-03,2385.41,2385.41,2339.47,2366.84,18112
2019-10-04,2353.16,2402.99,2342.42,2402.99,18010
2019-10-07,2402.99,2433.29,2378.56,2433.29,12689
2019-10-08,2437.19,2477.26,2437.19,2469.46,27118
2019-10-09,2452.83,2506.58,2441.11,2506.58,24867
2019-10-10,2498.76,2498.76,2410.81,2414.72,24252
2019-10-11,2415.69,2415.69,2312.11,2394.19,36020
2019-10-15,2391.27,2445.99,2374.65,2442.08,36226
2019-10-16,2442.08,2493.87,2437.19,2479.21,29164
2019-10-17,2469.46,2498.76,2444.03,2469.46,35509
2019-10-18,2478.24,2510.49,2431.33,2445.03,14736
2019-10-21,2443.07,2473.36,2428.41,2434.27,10950
2019-10-23,2434.27,2438.19,2406.91,2438.19,9005
2019-10-24,2420.59,2425.47,2390.3,2402.99,17909
2019-10-25,2420.59,2443.07,2406.91,2443.07,24661
2019-10-28,2433.29,2445.99,2418.63,2444.03,11973
2019-10-29,2487.03,2600.4,2470.42,2552.52,111028
2019-10-30,2526.12,2542.73,2467.49,2542.73,48300
2019-10-31,2547.62,2547.62,2477.26,2507.56,16476
2019-11-01,2481.18,2512.46,2472.37,2483.12,13712
2019-11-05,2521.24,2547.62,2494.85,2547.62,27322
2019-11-06,2520.26,2546.64,2502.68,2503.65,19955
2019-11-07,2524.18,2550.56,2495.84,2519.29,21591
2019-11-08,2576.95,2588.67,2522.22,2588.67,34485
2019-11-11,2570.11,2672.72,2560.33,2655.12,50142
2019-11-12,2655.12,2689.32,2588.67,2688.34,42775
2019-11-13,2684.44,2684.44,2614.07,2634.6,34588
2019-11-14,2634.6,2681.51,2634.6,2670.76,21898
2019-11-15,2675.63,2706.91,2638.51,2679.55,25686
2019-11-18,2684.44,2696.17,2662.94,2694.22,22001
2019-11-19,2695.18,2725.48,2687.38,2710.82,16476
2019-11-20,2699.1,2728.4,2693.22,2726.45,12996
2019-11-21,2714.72,2724.51,2649.26,2681.51,16271
2019-11-22,2681.51,2681.51,2575.96,2576.95,35919
2019-11-25,2580.85,2589.64,2527.1,2534.92,26503
2019-11-26,2531.98,2589.64,2531.98,2589.64,26811
2019-11-27,2594.53,2617.01,2590.61,2591.61,16373
2019-11-28,2576.95,2576.95,2536.87,2555.45,15144
2019-11-29,2545.68,2545.68,2508.53,2525.14,21898
2019-12-02,2526.12,2602.35,2522.22,2542.73,20875
2019-12-03,2511.46,2517.34,2483.12,2489.96,22001
2019-12-04,2479.21,2529.06,2468.46,2514.4,20056
2019-12-05,2544.69,2548.61,2508.53,2518.3,15760
2019-12-06,2510.49,2544.69,2504.62,2541.76,12996
2019-12-09,2535.9,2535.9,2492.91,2505.6,14736
2019-12-10,2528.08,2535.9,2506.58,2533.95,11461
2019-12-11,2523.19,2526.12,2494.85,2500.71,9721
2019-12-12,2502.68,2514.4,2460.65,2478.24,28243
2019-12-13,2527.1,2527.1,2484.11,2495.84,27220
2019-12-16,2495.84,2520.26,2495.84,2511.46,12996
2019-12-17,2511.46,2511.46,2466.53,2505.6,18010
2019-12-18,2510.49,2510.49,2443.07,2498.76,24048
2019-12-19,2488.02,2516.35,2467.49,2468.46,13509
2019-12-20,2446.97,2486.06,2430.36,2436.22,31722
2019-12-23,2443.07,2456.74,2403.97,2429.38,24560
2019-12-24,2429.38,2449.91,2417.65,2448.92,13815
2019-12-25,2446.97,2461.62,2438.19,2450.87,15760
2019-12-26,2436.22,2487.03,2436.22,2486.06,17601
2019-12-27,2492.91,2492.91,2463.58,2464.57,16476
2019-12-30,2445.99,2445.99,2407.88,2407.88,23536
2020-01-06,2374.65,2398.11,2366.84,2366.84,19033
2020-01-07,2380.53,2442.08,2366.84,2421.57,24355
2020-01-08,2416.69,2433.29,2351.2,2406.91,26402
2020-01-09,2437.19,2464.57,2424.49,2431.33,9210
2020-01-10,2442.08,2462.61,2434.27,2443.07,18829
2020-01-14,2446.97,2453.81,2395.19,2401.04,28345
2020-01-15,2409.84,2437.19,2397.13,2418.63,27834
2020-01-16,2433.29,2437.19,2369.77,2390.3,29573
2020-01-17,2417.65,2429.38,2376.6,2403.97,23945
2020-01-20,2423.53,2456.74,2423.53,2455.77,12894
2020-01-21,2441.11,2464.57,2423.53,2458.7,13303
2020-01-22,2458.7,2500.71,2458.7,2473.36,16476
2020-01-23,2472.37,2472.37,2429.38,2429.38,9721
2020-01-24,2422.53,2430.36,2409.84,2413.74,12178
2020-01-27,2394.19,2399.09,2375.63,2377.59,13200
2020-01-28,2356.09,2402.99,2347.3,2393.22,27834
2020-01-29,2373.68,2379.54,2359.03,2364.88,13200
2020-01-30,2364.88,2380.53,2305.27,2359.03,26094
2020-01-31,2371.72,2429.38,2371.72,2408.86,22514
2020-02-03,2326.78,2380.53,2326.78,2369.77,19749
2020-02-04,2333.61,2406.91,2327.75,2403.97,12178
2020-02-05,2422.53,2441.11,2417.65,2429.38,11973
2020-02-06,2443.07,2503.65,2443.07,2467.49,27527
2020-02-07,2474.33,2477.26,2409.84,2437.19,12178
2020-02-10,2437.19,2442.08,2402.99,2432.31,9620
2020-02-12,2383.45,2383.45,2346.32,2346.32,32949
2020-02-13,2345.34,2345.34,2254.45,2284.75,33565
2020-02-14,2286.7,2286.7,2190.93,2220.26,38681
2020-02-17,2179.21,2181.17,2150.86,2172.37,24661
2020-02-18,2156.74,2168.46,2136.21,2142.08,28857
2020-02-19,2157.71,2195.83,2145.99,2186.05,12689
2020-02-20,2186.05,2215.37,2160.64,2161.62,7367
2020-02-21,2161.62,2165.53,2130.35,2142.08,19340
2020-02-25,2052.17,2071.72,2031.65,2031.65,33258
2020-02-26,2010.15,2066.84,2004.29,2066.84,33360
2020-02-27,2086.37,2095.18,2031.65,2031.65,30085
2020-02-28,1954.44,1984.75,1908.52,1923.17,37965
2020-03-02,1874.33,2031.65,1874.33,2008.2,27118
2020-03-03,2045.34,2045.34,1943.7,1951.52,24867
2020-03-04,1915.36,1969.1,1892.88,1954.44,19545
2020-03-05,1987.67,1998.42,1970.08,1978.87,17192
2020-03-06,1955.43,1990.6,1918.3,1921.22,21898
2020-03-09,1866.49,1886.05,1814.71,1839.14,25787
2020-03-10,1780.5,1935.88,1745.33,1914.38,43286
2020-03-11,1878.22,1939.8,1878.22,1885.06,25787
2020-03-12,1817.65,1833.27,1751.18,1801.99,37965
2020-03-13,1723.83,1759.0,1622.19,1700.37,47686
2020-03-16,1700.37,1772.68,1673.98,1689.62,33769
2020-03-17,1669.11,1818.61,1631.97,1801.99,41648
2020-03-18,1827.4,1911.45,1807.87,1812.75,33155
2020-03-19,1811.77,1992.57,1811.77,1974.98,35610
2020-03-23,1968.13,1968.13,1842.07,1933.93,40011
2020-03-24,1987.67,1987.67,1881.16,1958.36,42263
2020-03-25,2007.21,2007.21,1933.93,2003.32,39704
2020-03-26,2002.33,2071.72,1925.14,2034.59,49732
2020-03-27,2066.84,2153.8,2030.67,2153.8,105707
2020-03-30,2006.15,2047.5,1950.04,2041.58,52217
2020-03-31,2040.59,2081.94,1968.74,2005.16,37587
2020-04-01,1959.88,2009.1,1927.41,1948.07,28851
2020-04-02,1921.49,1946.1,1851.59,1871.28,42058
2020-04-03,1824.04,1882.12,1732.49,1761.04,42159
2020-04-06,1721.67,1793.52,1702.96,1761.04,47442
2020-04-07,1819.12,1904.75,1788.6,1903.78,40025
2020-04-08,1905.75,2021.89,1885.06,2002.21,35556
2020-04-09,1994.34,1999.26,1919.52,1945.12,17676
2020-04-10,1958.9,1965.79,1899.83,1952.01,21231
2020-04-13,1952.01,1955.94,1902.78,1952.01,16254
2020-04-14,1952.01,1968.74,1914.6,1948.07,18489
2020-04-15,1952.99,1959.88,1877.2,1898.86,30578
2020-04-16,1898.86,1980.55,1898.86,1980.55,24787
2020-04-17,2029.78,2035.68,1964.8,2034.7,26819
2020-04-20,2027.81,2062.25,1952.01,1972.68,16355
2020-04-21,1950.04,1983.51,1932.33,1937.25,15847
2020-04-22,1929.36,1941.18,1888.02,1909.68,21435
2020-04-23,1898.86,1949.05,1898.86,1949.05,27225
2020-04-24,1935.27,1949.05,1902.78,1936.26,24178
2020-04-27,1932.33,1957.91,1919.52,1957.91,19098
2020-04-28,1949.05,1952.99,1901.8,1952.01,19098
2020-04-30,1963.82,1963.82,1926.41,1953.97,25702
2020-05-01,1953.97,1953.97,1884.09,1900.83,24787
2020-05-07,1894.91,1938.22,1872.28,1928.38,22654
2020-05-08,1947.09,1961.85,1912.63,1949.05,21739
2020-05-11,1949.05,1968.74,1926.41,1968.74,21536
2020-05-12,1968.74,2048.47,1968.74,2031.74,34439
2020-05-13,2027.81,2045.52,1992.37,2045.52,14933
2020-05-14,2067.17,2067.17,2016.97,2022.89,8533
2020-05-15,2041.58,2041.58,1970.71,1992.37,18286
2020-05-18,1993.35,2066.2,1968.74,2044.54,30780
2020-05-19,2067.17,2092.78,2030.76,2085.89,29156
2020-05-20,2078.0,2085.89,2057.34,2078.0,17371
2020-05-21,2098.68,2106.55,2043.55,2057.34,16965
2020-05-22,2051.43,2072.1,2023.86,2042.57,9752
2020-05-25,2073.08,2073.08,2039.62,2062.25,6197
2020-05-26,2062.25,2104.58,2062.25,2102.62,28953
2020-05-27,2102.62,2126.24,2071.12,2126.24,31187
2020-05-28,2145.93,2145.93,2067.17,2123.29,32203
2020-05-29,2103.6,2126.24,2090.81,2110.49,23061
2020-06-01,2110.49,2112.46,2088.83,2108.52,16254
2020-06-02,2116.4,2142.98,2098.68,2131.16,13714
2020-06-03,2149.87,2149.87,2111.47,2143.96,12089
2020-06-04,2144.94,2153.8,2108.52,2143.96,16965
2020-06-05,2136.08,2152.82,2121.32,2140.02,15747
2020-06-08,2140.02,2148.88,2123.29,2141.99,10057
2020-06-09,2143.96,2164.63,2128.21,2155.76,20317
2020-06-10,2153.8,2153.8,2134.12,2150.84,11175
2020-06-11,2150.84,2160.69,2126.24,2138.05,16355
2020-06-12,2072.1,2086.86,2027.81,2037.65,30272
2020-06-15,2057.34,2057.34,1968.74,1975.63,22147
2020-06-16,2024.85,2031.74,1956.93,1984.49,34947
2020-06-17,1977.6,1998.27,1929.36,1997.29,33525
2020-06-18,1993.35,2022.89,1962.83,2022.89,16965
2020-06-19,2017.96,2027.81,1985.47,1985.47,24584
2020-06-22,1986.46,1997.29,1952.01,1960.87,19403
2020-06-23,1966.77,1979.57,1929.36,1940.19,21739
2020-06-24,1927.41,1933.3,1896.88,1907.71,22147
2020-06-25,1911.64,1936.26,1905.75,1914.6,17879
2020-06-26,1919.52,1934.29,1890.98,1915.59,20013
2020-06-29,1896.88,1942.17,1872.28,1942.17,26514
2020-06-30,1942.17,1971.69,1889.99,1903.78,22654
2020-07-01,1901.8,1919.52,1865.39,1872.28,28851
2020-07-02,1909.68,1914.6,1824.04,1824.04,38096
2020-07-03,1826.01,1840.78,1787.62,1802.38,16051
2020-07-06,1802.38,1870.31,1785.65,1870.31,21942
2020-07-07,1866.36,1875.22,1817.15,1861.44,13816
2020-07-08,1851.59,1867.36,1828.96,1837.82,12292
2020-07-09,1851.59,1852.59,1815.18,1821.09,14933
2020-07-10,1812.23,1820.09,1788.6,1801.4,21536
2020-07-13,1816.16,1879.17,1816.16,1879.17,14324
2020-07-14,1863.41,1863.41,1833.88,1849.64,9448
2020-07-15,1862.43,1878.17,1837.82,1870.31,23670
2020-07-16,1872.28,1877.2,1839.78,1839.78,10260
2020-07-17,1851.59,1869.32,1824.04,1868.33,13613
2020-07-20,1868.33,1868.33,1830.93,1861.44,13613
2020-07-21,1858.49,1915.59,1858.49,1915.59,32000
2020-07-22,1886.06,1886.06,1841.75,1850.62,14324
2020-07-27,1844.71,1872.28,1824.04,1872.28,12292
2020-07-28,1863.41,1863.41,1830.93,1838.81,7416
2020-07-29,1832.9,1833.88,1816.16,1816.16,6197
2020-07-30,1819.12,1819.12,1789.59,1792.54,6603
2020-07-31,1791.55,1791.55,1708.87,1722.64,18794
2020-08-03,1753.16,1753.16,1709.86,1741.35,25905
2020-08-04,1770.88,1778.76,1745.3,1765.96,10972
2020-08-05,1763.99,1774.82,1747.25,1759.07,9651
2020-08-06,1752.18,1752.18,1716.75,1727.57,13003
2020-08-07,1718.72,1725.61,1693.11,1693.11,18997
2020-08-11,1693.11,1771.88,1693.11,1769.9,19098
2020-08-12,1695.09,1728.56,1684.26,1706.9,74464
2020-08-13,1722.64,1765.96,1707.88,1765.96,29867
2020-08-14,1765.96,1765.96,1737.41,1737.41,8330
2020-08-17,1757.1,1757.1,1722.64,1722.64,12597
2020-08-18,1720.68,1750.22,1703.95,1748.24,12597
2020-08-19,1731.5,1738.4,1722.64,1731.5,10362
2020-08-20,1717.72,1733.48,1709.86,1709.86,12191
2020-08-21,1714.77,1730.53,1714.77,1722.64,4064
2020-08-24,1732.49,1733.48,1719.69,1727.57,4572
2020-08-25,1727.57,1763.99,1724.61,1763.99,17981
2020-08-26,1774.82,1774.82,1732.49,1753.16,12698
2020-08-27,1750.22,1758.08,1725.61,1758.08,12800
2020-08-28,1758.08,1771.88,1730.53,1746.27,16660
2020-08-31,1778.76,1806.32,1754.15,1756.11,31695
2020-09-01,1773.83,1800.41,1759.07,1791.55,13714
2020-09-02,1791.55,1791.55,1771.88,1774.82,10972
2020-09-03,1799.43,1799.43,1763.01,1766.95,6806
2020-09-04,1757.1,1774.82,1744.3,1773.83,14120
2020-09-07,1755.14,1770.88,1726.59,1746.27,11275
2020-09-08,1746.27,1791.55,1746.27,1791.55,10260
2020-09-09,1784.66,1785.65,1759.07,1777.77,11886
2020-09-10,1783.68,1797.46,1776.8,1789.59,8838
2020-09-11,1795.49,1807.3,1784.66,1800.41,11378
2020-09-14,1811.24,1860.46,1804.35,1838.81,13714
2020-09-15,1846.67,1846.67,1816.16,1838.81,8127
2020-09-16,1850.62,1866.36,1840.78,1860.46,12698
2020-09-17,1860.46,1860.46,1837.82,1843.73,11987
2020-09-18,1848.65,1858.49,1833.88,1840.78,23365
2020-09-23,1801.4,1826.01,1797.46,1823.06,19302
2020-09-24,1801.4,1859.48,1801.4,1853.57,18083
2020-09-25,1839.78,1849.64,1820.09,1828.96,25397
2020-09-28,1839.78,1899.83,1839.78,1896.88,40939
2020-09-29,1889.99,1938.22,1840.78,1928.38,32609
2020-09-30,1928.38,1928.38,1811.24,1811.24,29461
2020-10-02,1850.62,1900.83,1826.99,1886.06,29664
2020-10-05,1886.06,1946.1,1886.06,1924.44,20927
2020-10-06,1935.27,1941.18,1902.78,1904.75,12292
2020-10-07,1905.75,1905.75,1870.31,1894.91,17575
2020-10-08,1919.52,1921.49,1885.06,1899.83,14425
2020-10-09,1898.86,1904.75,1854.56,1854.56,18489
2020-10-12,1844.71,1855.54,1821.09,1821.09,10159
2020-10-13,1812.23,1814.2,1803.37,1804.35,6400
2020-10-14,1796.48,1806.32,1786.63,1802.38,10057
2020-10-15,1802.38,1802.38,1763.99,1763.99,13308
2020-10-16,1763.99,1785.65,1753.16,1761.04,7925
2020-10-19,1761.04,1795.49,1758.08,1795.49,6197
2020-10-20,1794.51,1794.51,1744.3,1752.18,12191
2020-10-21,1745.3,1769.9,1743.33,1752.18,9143
2020-10-22,1759.07,1759.07,1727.57,1746.27,8838
2020-10-23,1737.41,1747.25,1729.53,1740.37,7314
2020-10-26,1760.06,1760.06,1722.64,1744.3,10972
2020-10-27,1726.59,1767.93,1713.79,1767.93,12292
2020-10-28,1752.18,1766.95,1734.46,1758.08,8432
2020-10-29,1752.18,1761.04,1741.35,1756.11,7111
2020-10-30,1756.11,1756.11,1707.88,1730.53,15847
2020-11-02,1731.5,1757.1,1729.53,1755.14,18489
2020-11-04,1764.97,1764.97,1736.43,1758.08,14222
2020-11-05,1758.08,1769.9,1746.27,1767.93,12191
2020-11-06,1775.8,1811.24,1768.91,1811.24,14324
2020-11-09,1823.06,1850.62,1820.09,1841.75,12902
2020-11-10,1850.62,1854.56,1816.16,1850.62,23061
2020-11-11,1868.33,1876.2,1794.51,1818.13,29969
2020-11-12,1827.98,1843.73,1752.18,1771.88,28953
2020-11-13,1769.9,1769.9,1727.57,1732.49,19302
2020-11-16,1734.46,1799.43,1734.46,1765.96,39416
2020-11-17,1758.08,1758.08,1704.93,1711.82,41244
2020-11-18,1717.72,1717.72,1693.11,1693.11,38908
2020-11-19,1698.03,1698.03,1664.56,1673.43,43987
2020-11-20,1663.59,1671.46,1650.79,1665.56,41143
2020-11-24,1665.56,1675.4,1636.02,1636.02,82489
2020-11-25,1644.88,1706.9,1639.96,1699.03,86247
2020-11-26,1694.11,1700.99,1675.4,1697.06,43682
2020-11-27,1700.01,1736.43,1691.14,1720.68,80458
2020-11-30,1704.93,1765.96,1683.28,1758.08,275811
2020-12-01,1747.25,1806.32,1726.59,1805.34,75480
2020-12-02,1821.09,1872.28,1801.4,1859.48,89703
2020-12-03,1850.62,1893.93,1824.04,1889.99,55569
2020-12-04,1893.93,1960.87,1884.09,1959.88,59936
2020-12-07,1941.18,1943.15,1895.9,1919.52,46730
2020-12-08,1904.75,1915.59,1848.65,1876.2,25702
2020-12-09,1879.17,1884.09,1842.74,1883.1,13409
2020-12-10,1883.1,1888.02,1860.46,1888.02,8432
2020-12-11,1890.98,1890.98,1834.86,1851.59,17371
2020-12-14,1847.67,1873.25,1844.71,1852.59,12394
2020-12-15,1853.57,1871.28,1845.7,1846.67,8838
2020-12-16,1860.46,1866.36,1838.81,1862.43,10870
2020-12-17,1868.33,1868.33,1844.71,1862.43,7314
2020-12-18,1862.43,1886.06,1858.49,1886.06,15339
2020-12-21,1885.06,1900.83,1864.4,1900.83,19403
2020-12-22,1899.83,1899.83,1866.36,1867.36,40534
2020-12-23,1877.2,1879.17,1849.64,1854.56,13512
2020-12-24,1879.17,1879.17,1845.7,1862.43,18895
2020-12-25,1865.39,1865.39,1843.73,1856.52,12191
2020-12-28,1860.46,1865.39,1801.4,1832.9,29969
2020-12-29,1839.78,1873.25,1830.93,1869.32,27225
2020-12-30,1865.39,1865.39,1810.26,1816.16,18692
2021-01-04,1819.12,1819.12,1763.01,1808.29,14831
2021-01-05,1815.18,1815.18,1763.99,1773.83,10667
2021-01-06,1786.63,1795.49,1769.9,1769.9,9853
2021-01-07,1797.46,1815.18,1775.8,1788.6,29053
2021-01-08,1788.6,1803.37,1777.77,1781.72,17879
2021-01-12,1783.68,1804.35,1773.83,1788.6,29053
2021-01-13,1788.6,1804.35,1777.77,1791.55,26209
2021-01-14,1781.72,1790.57,1754.15,1764.97,45613
2021-01-15,1762.03,1776.8,1736.43,1746.27,37791
2021-01-18,1736.43,1737.41,1702.96,1702.96,35860
2021-01-19,1711.82,1760.06,1711.82,1738.4,34641
2021-01-20,1742.33,1781.72,1725.61,1774.82,34236
2021-01-21,1774.82,1790.57,1744.3,1752.18,32000
2021-01-22,1746.27,1746.27,1731.5,1731.5,23466
2021-01-25,1742.33,1800.41,1733.48,1778.76,42159
2021-01-26,1778.76,1815.18,1771.88,1815.18,27530
2021-01-27,1830.93,1835.85,1806.32,1811.24,22756
2021-01-28,1790.57,1791.55,1761.04,1775.8,96509
2021-01-29,1776.8,1829.94,1776.8,1819.12,35454
2021-02-01,1814.2,1830.93,1800.41,1830.93,21028
2021-02-02,1829.94,1844.71,1819.12,1827.98,22553
2021-02-03,1823.06,1842.74,1817.15,1838.81,20520
2021-02-04,1843.73,1859.48,1840.78,1855.54,22247
2021-02-05,1855.54,1878.17,1852.59,1869.32,19708
2021-02-08,1880.14,1919.52,1880.14,1919.52,29461
2021-02-09,1920.51,1939.21,1881.13,1904.75,15543
2021-02-10,1911.64,1911.64,1894.91,1901.8,16458
2021-02-12,1901.8,1935.27,1899.83,1916.57,16863
2021-02-15,1920.51,1931.33,1892.94,1900.83,23772
2021-02-16,1913.61,1918.54,1893.93,1918.54,15950
2021-02-17,1916.57,1957.91,1916.57,1950.04,29867
2021-02-18,1956.93,1956.93,1931.33,1944.13,22553
2021-02-19,1945.12,1945.12,1896.88,1912.63,21639
2021-02-22,1967.76,2009.1,1967.76,1992.37,73448
2021-02-24,1978.59,1990.39,1920.51,1927.41,23772
2021-02-25,1966.77,1966.77,1936.26,1948.07,15239
2021-02-26,1927.41,1927.41,1872.28,1872.28,30984
2021-03-01,1891.97,1935.27,1891.97,1923.46,21334
2021-03-02,1933.3,1933.3,1888.02,1895.9,17169
2021-03-03,1892.94,1898.86,1887.04,1896.88,21435
2021-03-04,1896.88,1913.61,1890.98,1913.61,26108
2021-03-05,1904.75,1920.51,1893.93,1920.51,40736
2021-03-08,1949.05,1963.82,1920.51,1957.91,23670
2021-03-09,1968.74,2027.81,1966.77,2023.86,34844
2021-03-10,2019.93,2019.93,1971.69,1984.49,23569
2021-03-11,1984.49,2004.18,1974.65,1990.39,27835
2021-03-12,1959.88,1979.57,1939.21,1963.82,31492
2021-03-15,1958.9,1988.43,1952.99,1988.43,34540
2021-03-16,1989.41,1990.39,1973.66,1990.39,19302
2021-03-17,1996.31,1996.31,1975.63,1990.39,19505
2021-03-18,1990.39,1990.39,1967.76,1987.45,25702
2021-03-19,1967.76,1997.29,1967.76,1997.29,28851
2021-03-22,1980.55,1980.55,1924.44,1943.15,57905
2021-03-23,1950.04,1954.96,1923.46,1949.05,42159
2021-03-24,1943.15,1943.15,1887.04,1904.75,38197
2021-03-25,1913.61,1942.17,1902.78,1931.33,24787
2021-03-26,1928.38,1966.77,1905.75,1963.82,43276
2021-03-29,1968.74,1988.43,1930.35,1984.49,59936
2021-03-30,1960.73,1969.64,1925.08,1937.95,37162
2021-03-31,1931.01,1931.01,1866.65,1868.63,31406
2021-04-01,1876.55,1896.36,1832.98,1841.89,28982
2021-04-02,1856.75,1876.55,1832.0,1832.0,19187
2021-04-05,1832.0,1838.93,1821.1,1826.05,27568
2021-04-06,1827.04,1835.95,1802.28,1814.17,31608
2021-04-07,1809.21,1844.86,1803.28,1830.01,32012
2021-04-08,1812.19,1850.81,1799.31,1799.31,25953
2021-04-09,1799.31,1806.24,1787.43,1793.37,28679
2021-04-12,1802.28,1818.12,1797.33,1807.24,14744
2021-04-13,1811.19,1827.04,1801.29,1802.28,21206
2021-04-14,1802.28,1820.1,1797.33,1799.31,21913
2021-04-15,1799.31,1810.21,1792.38,1796.34,9593
2021-04-16,1799.31,1799.31,1788.42,1792.38,9695
2021-04-19,1792.38,1805.26,1779.5,1779.5,17672
2021-04-20,1773.57,1773.57,1741.87,1745.83,30598
2021-04-21,1736.92,1751.78,1730.99,1737.92,38879
2021-04-22,1739.9,1768.61,1739.9,1767.62,12521
2021-04-23,1752.77,1760.69,1747.82,1749.8,8988
2021-04-26,1749.8,1762.67,1719.1,1719.1,32315
2021-04-27,1731.97,1739.9,1714.15,1729.01,13835
2021-04-28,1729.01,1737.92,1718.11,1718.11,13633
2021-04-30,1729.01,1740.89,1718.11,1718.11,20399
2021-05-06,1744.85,1761.68,1744.85,1745.83,16359
2021-05-07,1747.82,1791.38,1747.82,1767.62,15349
2021-05-10,1767.62,1769.61,1758.71,1766.63,14542
2021-05-11,1759.7,1770.59,1732.97,1732.97,28578
2021-05-12,1734.94,1744.85,1713.16,1713.16,30194
2021-05-13,1712.17,1735.94,1708.21,1710.18,18682
2021-05-14,1727.02,1761.68,1726.03,1744.85,13532
2021-05-17,1713.16,1728.01,1698.3,1726.03,32820
2021-05-18,1728.01,1737.92,1724.06,1734.94,20499
2021-05-19,1713.16,1738.9,1713.16,1715.14,26861
2021-05-20,1715.14,1731.97,1713.16,1715.14,20802
2021-05-21,1714.15,1717.12,1695.34,1695.34,51502
2021-05-24,1695.34,1708.21,1683.46,1683.46,26660
2021-05-25,1684.44,1692.37,1675.53,1675.53,28881
2021-05-26,1674.54,1694.34,1673.55,1683.46,41100
2021-05-27,1684.44,1716.13,1684.44,1684.44,39181
2021-05-28,1688.4,1697.32,1674.54,1684.44,32415
2021-05-31,1687.41,1687.41,1653.74,1653.74,45745
2021-06-01,1655.72,1677.51,1650.77,1676.51,32718
2021-06-02,1674.54,1674.54,1649.79,1653.74,31406
2021-06-03,1653.74,1662.65,1650.77,1652.75,16561
2021-06-04,1652.75,1654.74,1646.81,1648.79,18682
2021-06-07,1655.72,1655.72,1634.93,1635.91,33324
2021-06-08,1640.87,1669.58,1638.89,1659.68,50188
2021-06-09,1654.74,1663.65,1645.82,1648.79,55440
2021-06-10,1646.81,1661.67,1638.89,1658.7,34941
2021-06-11,1654.74,1659.68,1640.87,1644.83,34941
2021-06-14,1643.84,1645.82,1626.01,1630.96,49785
2021-06-15,1628.98,1629.98,1611.16,1625.03,50088
2021-06-16,1620.07,1632.95,1619.08,1632.95,35041
2021-06-17,1627.0,1627.0,1611.16,1612.15,42210
2021-06-18,1612.15,1621.07,1590.36,1591.36,59479
2021-06-21,1584.43,1584.43,1554.71,1555.71,83917
2021-06-22,1579.47,1579.47,1560.66,1566.6,39888
2021-06-23,1566.6,1594.33,1563.63,1593.34,40999
2021-06-24,1583.43,1588.38,1572.54,1586.4,15349
2021-06-25,1586.4,1607.2,1585.41,1605.22,21408
2021-06-28,1602.24,1602.24,1579.47,1586.4,32315
2021-06-29,1591.36,1591.36,1577.49,1590.36,25347
2021-06-30,1594.33,1594.33,1574.52,1574.52,23327
2021-07-01,1586.4,1586.4,1557.69,1557.69,35142
2021-07-02,1557.69,1577.49,1557.69,1576.5,15854
2021-07-05,1576.5,1584.43,1573.53,1581.45,13935
2021-07-06,1581.45,1581.45,1571.55,1571.55,11310
2021-07-07,1559.67,1559.67,1544.81,1544.81,43322
2021-07-08,1549.76,1553.73,1534.92,1534.92,37364
2021-07-09,1534.92,1534.92,1508.18,1521.04,54531
2021-07-12,1525.01,1538.87,1521.04,1532.93,30396
2021-07-13,1533.92,1544.81,1529.96,1538.87,22115
2021-07-14,1535.9,1541.85,1533.92,1540.85,14744
2021-07-15,1548.78,1552.74,1532.93,1532.93,22216
2021-07-16,1522.04,1526.0,1510.16,1510.16,30093
2021-07-19,1501.25,1505.2,1470.54,1480.44,54228
2021-07-20,1472.53,1477.47,1466.58,1471.53,22418
2021-07-21,1487.37,1488.37,1472.53,1482.42,18480
2021-07-26,1488.37,1493.32,1466.58,1466.58,40393
2021-07-27,1466.58,1485.4,1466.58,1484.41,26256
2021-07-28,1475.49,1488.37,1469.56,1476.49,26054
2021-07-29,1479.46,1481.44,1455.69,1456.68,36051
2021-07-30,1455.69,1455.69,1420.04,1421.03,64630
2021-08-02,1430.93,1490.35,1430.93,1488.37,36354
2021-08-03,1490.35,1502.23,1467.58,1474.51,19590
2021-08-04,1481.44,1482.42,1451.73,1455.69,15754
2021-08-05,1455.69,1467.58,1453.71,1453.71,14239
2021-08-06,1454.7,1462.62,1451.73,1454.7,9997
2021-08-10,1455.69,1481.44,1455.69,1473.51,17975
2021-08-11,1480.44,1496.29,1480.44,1492.33,30497
2021-08-12,1499.26,1526.0,1499.26,1519.07,31204
2021-08-13,1521.04,1543.83,1514.11,1540.85,32618
2021-08-16,1541.85,1544.81,1493.32,1493.32,28881
2021-08-17,1493.32,1495.3,1467.58,1467.58,16561
2021-08-18,1478.47,1506.19,1474.51,1506.19,15551
2021-08-19,1484.41,1510.16,1475.49,1488.37,12623
2021-08-20,1501.25,1505.2,1477.47,1486.39,16461
2021-08-23,1486.39,1512.13,1486.39,1502.23,13532
2021-08-24,1517.09,1530.95,1510.16,1527.98,15147
2021-08-25,1531.94,1534.92,1515.11,1515.11,12118
2021-08-26,1512.13,1531.94,1509.16,1529.96,11310
2021-08-27,1523.02,1539.86,1523.02,1533.92,12825
2021-08-30,1542.83,1542.83,1528.97,1537.88,12421
2021-08-31,1533.92,1541.85,1506.19,1506.19,36758
2021-09-01,1532.93,1543.83,1509.16,1540.85,33022
2021-09-02,1538.87,1538.87,1518.08,1526.0,10604
2021-09-03,1526.0,1538.87,1520.06,1526.99,18480
2021-09-06,1530.95,1532.93,1520.06,1528.97,16157
2021-09-07,1528.97,1536.89,1520.06,1529.96,38777
2021-09-08,1534.92,1564.62,1533.92,1564.62,46452
2021-09-09,1557.69,1575.52,1544.81,1552.74,34234
2021-09-10,1552.74,1590.36,1548.78,1590.36,43524
2021-09-13,1587.4,1599.28,1574.52,1599.28,18581
2021-09-14,1606.21,1626.01,1600.27,1626.01,43524
2021-09-15,1626.01,1626.01,1597.29,1612.15,25549
2021-09-16,1682.46,1695.34,1657.7,1680.48,110576
2021-09-17,1673.55,1697.32,1657.7,1697.32,62407
2021-09-21,1671.56,1681.47,1644.83,1661.67,32113
2021-09-22,1661.67,1677.51,1645.82,1650.77,29689
2021-09-24,1679.49,1686.42,1668.6,1685.43,33527
2021-09-27,1686.42,1686.42,1660.67,1661.67,22418
2021-09-28,1668.6,1678.5,1645.82,1677.51,27366
2021-09-29,1658.62,1658.62,1618.84,1633.76,36707
2021-09-30,1634.75,1650.66,1624.81,1624.81,23331
2021-10-01,1602.93,1618.84,1582.05,1603.93,28963
2021-10-04,1608.9,1617.85,1591.0,1600.94,17498
2021-10-05,1577.08,1590.0,1572.11,1576.08,26650
2021-10-06,1590.0,1605.91,1585.03,1594.98,27052
2021-10-07,1581.05,1599.95,1571.11,1571.11,25343
2021-10-08,1571.11,1577.08,1555.2,1556.2,33790
2021-10-11,1553.21,1571.11,1546.25,1571.11,25443
2021-10-12,1551.22,1554.21,1525.37,1526.36,27153
2021-10-13,1521.39,1539.29,1515.43,1539.29,21722
2021-10-14,1516.42,1529.35,1498.52,1505.48,27253
2021-10-15,1505.48,1538.3,1505.48,1538.3,25141
2021-10-18,1539.29,1543.27,1513.44,1520.4,25242
2021-10-19,1516.42,1525.37,1505.48,1521.39,23432
2021-10-20,1516.42,1535.31,1515.43,1533.32,19309
2021-10-21,1522.39,1545.26,1520.4,1532.33,27052
2021-10-22,1526.36,1536.31,1513.44,1519.4,21320
2021-10-25,1514.43,1521.39,1497.53,1503.49,24236
2021-10-26,1510.45,1525.37,1501.5,1522.39,15387
2021-10-27,1522.39,1524.38,1508.47,1508.47,24236
2021-10-28,1505.48,1517.41,1493.55,1515.43,108309
2021-10-29,1515.43,1527.36,1500.51,1518.41,20717
2021-11-01,1537.3,1546.25,1526.36,1542.27,21622
2021-11-02,1542.27,1542.27,1518.41,1521.39,16593
2021-11-04,1530.34,1531.34,1519.4,1524.38,15387
2021-11-05,1521.39,1522.39,1511.45,1511.45,12470
2021-11-08,1511.45,1512.44,1490.57,1490.57,19107
2021-11-09,1493.55,1495.54,1464.71,1468.69,27756
2021-11-10,1475.65,1482.61,1464.71,1480.62,21018
2021-11-11,1471.67,1471.67,1453.77,1456.76,17901
2021-11-12,1457.75,1481.62,1457.75,1466.7,18906
2021-11-15,1447.81,1455.76,1427.92,1433.89,40528
2021-11-16,1432.89,1433.89,1413.01,1413.01,46864
2021-11-17,1413.01,1418.97,1383.17,1383.17,48573
2021-11-18,1382.18,1388.15,1348.37,1359.31,41634
2021-11-19,1354.34,1362.29,1347.38,1350.36,27656
2021-11-22,1350.36,1350.36,1328.48,1345.39,28561
2021-11-24,1345.39,1345.39,1328.48,1328.48,17498
2021-11-25,1328.48,1336.44,1322.52,1322.52,18102
2021-11-26,1321.52,1322.52,1305.61,1316.55,31175
2021-11-29,1302.63,1305.61,1267.83,1267.83,45456
2021-11-30,1287.71,1307.6,1257.88,1263.85,36204
2021-12-01,1263.85,1284.73,1263.85,1273.79,29064
2021-12-02,1273.79,1280.75,1252.91,1252.91,36606
2021-12-03,1266.83,1305.61,1265.84,1302.63,27957
2021-12-06,1301.64,1311.58,1282.74,1285.73,27756
2021-12-07,1312.57,1350.36,1306.61,1350.36,33790
2021-12-08,1351.35,1352.35,1331.47,1336.44,23532
2021-12-09,1334.45,1336.44,1323.51,1332.46,11565
2021-12-10,1334.45,1334.45,1320.53,1328.48,18202
2021-12-13,1341.41,1344.39,1320.53,1325.5,16895
2021-12-14,1332.46,1342.41,1321.52,1340.42,21320
2021-12-15,1340.42,1347.38,1332.46,1335.44,15789
2021-12-16,1335.44,1360.3,1325.5,1360.3,40025
2021-12-17,1360.3,1368.26,1330.47,1330.47,86688
2021-12-20,1340.42,1353.34,1312.57,1312.57,25343
2021-12-21,1327.49,1332.46,1312.57,1316.55,17297
2021-12-22,1326.5,1340.42,1322.52,1330.47,14381
2021-12-23,1332.46,1344.39,1316.55,1344.39,26650
2021-12-24,1342.41,1346.38,1310.59,1310.59,22828
2021-12-27,1310.59,1314.56,1301.64,1301.64,20616
2021-12-28,1302.63,1330.47,1302.63,1330.47,24437
2021-12-29,1323.51,1351.35,1323.51,1351.35,16996
2021-12-30,1330.47,1340.42,1325.5,1332.46,9051
2022-01-04,1332.46,1336.44,1315.56,1335.44,25745
2022-01-05,1335.44,1359.31,1333.46,1356.33,15889
2022-01-06,1337.43,1343.4,1326.5,1326.5,19811
2022-01-07,1330.47,1343.4,1317.55,1323.51,24136
2022-01-11,1329.48,1354.34,1322.52,1354.34,25644
2022-01-12,1357.32,1357.32,1341.41,1353.34,21421
2022-01-13,1354.34,1385.16,1352.35,1383.17,44450
2022-01-14,1382.18,1382.18,1334.45,1356.33,40126
2022-01-17,1349.37,1365.28,1341.41,1365.28,33790
2022-01-18,1365.28,1372.24,1323.51,1323.51,29767
2022-01-19,1302.63,1308.6,1272.8,1279.76,50383
2022-01-20,1307.6,1334.45,1299.65,1304.62,30069
2022-01-21,1295.67,1317.55,1293.68,1317.55,20415
2022-01-24,1307.6,1332.46,1303.62,1332.46,21219
2022-01-25,1332.46,1332.46,1284.73,1298.65,24337
2022-01-26,1310.59,1331.47,1309.59,1325.5,26248
2022-01-27,1332.46,1340.42,1284.73,1284.73,30874
2022-01-28,1285.73,1332.46,1285.73,1332.46,24940
2022-01-31,1325.5,1334.45,1307.6,1334.45,21722
2022-02-01,1334.45,1361.3,1322.52,1361.3,37511
2022-02-02,1361.3,1391.13,1352.35,1386.16,42238
2022-02-03,1375.22,1391.13,1350.36,1351.35,23231
2022-02-04,1351.35,1361.3,1338.43,1358.32,22024
2022-02-07,1351.35,1364.28,1343.4,1347.38,20214
2022-02-08,1361.3,1396.1,1349.37,1394.11,35198
2022-02-09,1403.06,1421.95,1383.17,1417.98,35299
2022-02-10,1400.08,1407.04,1394.11,1406.05,16493
2022-02-14,1402.07,1439.85,1402.07,1439.85,40226
2022-02-15,1439.85,1447.81,1396.1,1416.98,49478
2022-02-16,1429.91,1468.69,1416.98,1462.72,36807
2022-02-17,1439.85,1444.83,1408.03,1442.84,26650
2022-02-18,1416.98,1450.79,1408.03,1444.83,32684
2022-02-21,1417.98,1420.96,1389.14,1398.09,23935
2022-02-22,1378.2,1393.12,1356.33,1366.27,27454
2022-02-24,1349.37,1369.25,1346.38,1369.25,30572
2022-02-25,1360.3,1379.2,1355.33,1364.28,27253
2022-02-28,1380.19,1407.04,1377.21,1401.07,33287
2022-03-01,1402.07,1418.97,1397.1,1414.0,34796
2022-03-02,1398.09,1414.99,1387.15,1402.07,43042
2022-03-03,1402.07,1419.97,1398.09,1414.0,32684
2022-03-04,1403.06,1416.98,1390.14,1408.03,31779
2022-03-07,1391.13,1400.08,1359.31,1375.22,45858
2022-03-08,1376.21,1400.08,1340.42,1347.38,54607
2022-03-09,1366.27,1366.27,1329.48,1331.47,35198
2022-03-10,1308.6,1347.38,1308.6,1335.44,43042
2022-03-11,1304.62,1320.53,1288.71,1300.64,52998
2022-03-14,1307.6,1314.56,1294.68,1294.68,35801
2022-03-15,1312.57,1370.25,1312.57,1368.26,26952
2022-03-16,1382.18,1385.16,1368.26,1376.21,33488
2022-03-17,1406.05,1406.05,1367.26,1393.12,45154
2022-03-18,1403.06,1433.89,1401.07,1432.89,76430
2022-03-22,1432.89,1445.82,1389.14,1394.11,53099
2022-03-23,1397.1,1414.99,1395.11,1405.05,39522
2022-03-24,1399.08,1433.89,1397.1,1433.89,23633
2022-03-25,1433.89,1435.88,1408.03,1418.97,42942
2022-03-28,1422.95,1425.93,1400.08,1413.01,58630
2022-03-29,1405.05,1414.0,1381.19,1414.0,91917
2022-03-30,1408.0,1412.0,1381.0,1412.0,68200
2022-03-31,1394.0,1396.0,1358.0,1387.0,61200
2022-04-01,1380.0,1403.0,1363.0,1399.0,44000
2022-04-04,1401.0,1428.0,1401.0,1425.0,30300
2022-04-05,1429.0,1443.0,1411.0,1431.0,48400
2022-04-06,1413.0,1415.0,1380.0,1400.0,47900
2022-04-07,1400.0,1416.0,1382.0,1415.0,30900
2022-04-08,1408.0,1408.0,1366.0,1394.0,49600
2022-04-11,1383.0,1394.0,1371.0,1391.0,48300
2022-04-12,1403.0,1413.0,1385.0,1395.0,27600
2022-04-13,1400.0,1419.0,1400.0,1418.0,22800
2022-04-14,1426.0,1443.0,1423.0,1442.0,39900
2022-04-15,1442.0,1442.0,1414.0,1422.0,17300
2022-04-18,1412.0,1412.0,1377.0,1381.0,26500
2022-04-19,1389.0,1402.0,1379.0,1398.0,27000
2022-04-20,1396.0,1406.0,1390.0,1401.0,21200
2022-04-21,1398.0,1414.0,1378.0,1414.0,38300
2022-04-22,1390.0,1407.0,1374.0,1398.0,51900
2022-04-25,1391.0,1396.0,1371.0,1389.0,54700
2022-04-26,1390.0,1412.0,1381.0,1406.0,66600
2022-04-27,1402.0,1410.0,1367.0,1369.0,63600
2022-04-28,1370.0,1398.0,1357.0,1387.0,66000
2022-05-02,1399.0,1433.0,1387.0,1430.0,27000
2022-05-06,1430.0,1430.0,1413.0,1424.0,30800
2022-05-09,1425.0,1427.0,1400.0,1403.0,37900
2022-05-10,1395.0,1398.0,1376.0,1398.0,62900
2022-05-11,1393.0,1408.0,1381.0,1408.0,32000
2022-05-12,1406.0,1406.0,1377.0,1379.0,24800
2022-05-13,1375.0,1427.0,1372.0,1427.0,51500
2022-05-16,1379.0,1385.0,1362.0,1381.0,44800
2022-05-17,1389.0,1414.0,1381.0,1386.0,24300
2022-05-18,1391.0,1391.0,1372.0,1372.0,13500
2022-05-19,1362.0,1384.0,1347.0,1382.0,18400
2022-05-20,1382.0,1382.0,1366.0,1377.0,12000
2022-05-23,1400.0,1400.0,1370.0,1383.0,13300
2022-05-24,1378.0,1407.0,1352.0,1353.0,20900
2022-05-25,1355.0,1370.0,1355.0,1363.0,13200
2022-05-26,1360.0,1379.0,1358.0,1363.0,16300
2022-05-27,1365.0,1365.0,1346.0,1353.0,15800
2022-05-30,1366.0,1367.0,1350.0,1353.0,37500
2022-05-31,1360.0,1360.0,1336.0,1345.0,23600
2022-06-01,1341.0,1369.0,1341.0,1365.0,62100
2022-06-02,1359.0,1375.0,1356.0,1375.0,17500
2022-06-03,1375.0,1390.0,1373.0,1385.0,13800
2022-06-06,1377.0,1403.0,1377.0,1403.0,16200
2022-06-07,1398.0,1404.0,1385.0,1385.0,11500
2022-06-08,1392.0,1428.0,1389.0,1420.0,23200
2022-06-09,1419.0,1435.0,1415.0,1423.0,14600
2022-06-10,1398.0,1416.0,1394.0,1394.0,21700
2022-06-13,1364.0,1394.0,1364.0,1386.0,22800
2022-06-14,1365.0,1390.0,1365.0,1385.0,19600
2022-06-15,1383.0,1419.0,1380.0,1396.0,31800
2022-06-16,1403.0,1424.0,1403.0,1408.0,16800
2022-06-17,1390.0,1431.0,1386.0,1411.0,73400
2022-06-20,1418.0,1435.0,1406.0,1409.0,28200
2022-06-21,1429.0,1429.0,1408.0,1416.0,27700
2022-06-22,1429.0,1447.0,1424.0,1435.0,24500
2022-06-23,1427.0,1440.0,1416.0,1432.0,25900
2022-06-24,1440.0,1462.0,1432.0,1458.0,25500
2022-06-27,1470.0,1472.0,1448.0,1453.0,21700
2022-06-28,1453.0,1453.0,1436.0,1444.0,20600
2022-06-29,1430.0,1457.0,1416.0,1447.0,45300
2022-06-30,1450.0,1468.0,1447.0,1447.0,23600
2022-07-01,1439.0,1450.0,1411.0,1420.0,34500
2022-07-04,1418.0,1464.0,1418.0,1461.0,23400
2022-07-05,1461.0,1463.0,1442.0,1448.0,24900
2022-07-06,1440.0,1459.0,1440.0,1455.0,15200
2022-07-07,1464.0,1476.0,1458.0,1467.0,24300
2022-07-08,1466.0,1477.0,1453.0,1455.0,29400
2022-07-11,1472.0,1497.0,1470.0,1496.0,32100
2022-07-12,1485.0,1495.0,1471.0,1479.0,21700
2022-07-13,1479.0,1493.0,1478.0,1484.0,13100
2022-07-14,1485.0,1485.0,1474.0,1479.0,9600
2022-07-15,1479.0,1480.0,1457.0,1462.0,18400
2022-07-19,1462.0,1477.0,1443.0,1472.0,17000
2022-07-20,1478.0,1486.0,1475.0,1486.0,13000
2022-07-21,1473.0,1494.0,1473.0,1494.0,6900
2022-07-22,1483.0,1495.0,1478.0,1491.0,10500
2022-07-25,1482.0,1500.0,1481.0,1500.0,9100
2022-07-26,1499.0,1499.0,1476.0,1479.0,11700
2022-07-27,1474.0,1492.0,1464.0,1488.0,13800
2022-07-28,1488.0,1508.0,1485.0,1501.0,22300
2022-07-29,1508.0,1508.0,1488.0,1498.0,6800
2022-08-01,1490.0,1513.0,1490.0,1511.0,10600
2022-08-02,1514.0,1514.0,1478.0,1478.0,11000
2022-08-03,1469.0,1494.0,1454.0,1494.0,15900
2022-08-04,1494.0,1495.0,1475.0,1480.0,14700
2022-08-05,1491.0,1491.0,1474.0,1489.0,17000
2022-08-08,1484.0,1484.0,1465.0,1477.0,11800
2022-08-09,1485.0,1485.0,1466.0,1475.0,11800
2022-08-10,1475.0,1485.0,1467.0,1482.0,19900
2022-08-12,1486.0,1502.0,1468.0,1502.0,25600
2022-08-15,1496.0,1515.0,1495.0,1510.0,14700
2022-08-16,1510.0,1514.0,1499.0,1509.0,15500
2022-08-17,1509.0,1519.0,1509.0,1515.0,13200
2022-08-18,1515.0,1520.0,1491.0,1518.0,20200
2022-08-19,1524.0,1545.0,1520.0,1545.0,27900
2022-08-22,1545.0,1545.0,1525.0,1532.0,8000
2022-08-23,1527.0,1527.0,1511.0,1513.0,7300
2022-08-24,1510.0,1518.0,1507.0,1512.0,9900
2022-08-25,1508.0,1528.0,1508.0,1527.0,5400
2022-08-26,1528.0,1528.0,1519.0,1519.0,6900
2022-08-29,1510.0,1516.0,1496.0,1508.0,10000
2022-08-30,1508.0,1536.0,1508.0,1536.0,11800
2022-08-31,1536.0,1536.0,1526.0,1529.0,7700
2022-09-01,1530.0,1534.0,1508.0,1515.0,13500
2022-09-02,1521.0,1543.0,1518.0,1537.0,23100
2022-09-05,1517.0,1520.0,1475.0,1475.0,16100
2022-09-06,1473.0,1506.0,1473.0,1492.0,19300
2022-09-07,1491.0,1509.0,1487.0,1506.0,17400
2022-09-08,1516.0,1536.0,1516.0,1535.0,18400
2022-09-09,1517.0,1540.0,1517.0,1524.0,16400
2022-09-12,1540.0,1540.0,1526.0,1533.0,8900
2022-09-13,1539.0,1549.0,1523.0,1548.0,13400
2022-09-14,1535.0,1537.0,1515.0,1520.0,12300
2022-09-15,1516.0,1533.0,1500.0,1527.0,9000
2022-09-16,1533.0,1537.0,1523.0,1527.0,8400
2022-09-20,1527.0,1571.0,1527.0,1556.0,23800
2022-09-21,1537.0,1564.0,1535.0,1562.0,12000
2022-09-22,1544.0,1575.0,1544.0,1566.0,15800
2022-09-26,1560.0,1560.0,1545.0,1545.0,18000
2022-09-27,1545.0,1564.0,1535.0,1540.0,14300
2022-09-28,1541.0,1557.0,1523.0,1557.0,18100
2022-09-29,1556.0,1576.0,1534.0,1574.0,16800
2022-09-30,1561.0,1576.0,1551.0,1555.0,25300
2022-10-03,1555.0,1558.0,1540.0,1551.0,5500
2022-10-04,1570.0,1616.0,1569.0,1615.0,30900
2022-10-05,1628.0,1628.0,1603.0,1623.0,13900
2022-10-06,1630.0,1659.0,1628.0,1650.0,39800
2022-10-07,1623.0,1670.0,1551.0,1610.0,46700
2022-10-11,1588.0,1603.0,1574.0,1579.0,32300
2022-10-12,1579.0,1648.0,1579.0,1635.0,28400
2022-10-13,1642.0,1644.0,1591.0,1591.0,22800
2022-10-14,1617.0,1668.0,1611.0,1651.0,42700
2022-10-17,1651.0,1676.0,1636.0,1636.0,22700
2022-10-18,1669.0,1669.0,1625.0,1635.0,20600
2022-10-19,1635.0,1688.0,1635.0,1688.0,35600
2022-10-20,1680.0,1731.0,1680.0,1693.0,41700
2022-10-21,1693.0,1705.0,1666.0,1672.0,17800
2022-10-24,1672.0,1693.0,1660.0,1671.0,20400
2022-10-25,1671.0,1676.0,1653.0,1657.0,17700
2022-10-26,1660.0,1680.0,1650.0,1676.0,20800
2022-10-27,1673.0,1673.0,1655.0,1662.0,20000
2022-10-28,1652.0,1710.0,1636.0,1663.0,174800
2022-10-31,1675.0,1689.0,1650.0,1679.0,35500
2022-11-01,1682.0,1701.0,1660.0,1671.0,26500
2022-11-02,1683.0,1720.0,1662.0,1698.0,38500
2022-11-04,1673.0,1677.0,1634.0,1646.0,25100
2022-11-07,1644.0,1645.0,1568.0,1625.0,32200
2022-11-08,1635.0,1677.0,1607.0,1656.0,36200
2022-11-09,1653.0,1685.0,1612.0,1652.0,32100
2022-11-10,1632.0,1632.0,1602.0,1622.0,28500
2022-11-11,1634.0,1639.0,1612.0,1620.0,17900
2022-11-14,1620.0,1620.0,1598.0,1598.0,14400
2022-11-15,1598.0,1621.0,1586.0,1615.0,15600
2022-11-16,1603.0,1624.0,1601.0,1615.0,11100
2022-11-17,1615.0,1645.0,1615.0,1644.0,11600
2022-11-18,1650.0,1650.0,1616.0,1619.0,20600
2022-11-21,1619.0,1640.0,1617.0,1636.0,11200
2022-11-22,1641.0,1682.0,1641.0,1682.0,19800
2022-11-24,1696.0,1719.0,1675.0,1706.0,24900
2022-11-25,1707.0,1707.0,1678.0,1690.0,9900
2022-11-28,1690.0,1696.0,1667.0,1685.0,18000
2022-11-29,1673.0,1673.0,1655.0,1663.0,12700
2022-11-30,1663.0,1677.0,1651.0,1651.0,13700
2022-12-01,1678.0,1678.0,1624.0,1627.0,14900
2022-12-02,1617.0,1631.0,1595.0,1616.0,19100
2022-12-05,1619.0,1619.0,1588.0,1601.0,10900
2022-12-06,1596.0,1596.0,1542.0,1544.0,32200
2022-12-07,1538.0,1555.0,1530.0,1530.0,24200
2022-12-08,1525.0,1552.0,1506.0,1549.0,21500
2022-12-09,1549.0,1565.0,1549.0,1558.0,10400
2022-12-12,1572.0,1579.0,1551.0,1561.0,21600
2022-12-13,1584.0,1604.0,1578.0,1586.0,40300
2022-12-14,1584.0,1597.0,1562.0,1566.0,12000
2022-12-15,1560.0,1563.0,1530.0,1535.0,15800
2022-12-16,1531.0,1534.0,1517.0,1517.0,43100
2022-12-19,1514.0,1536.0,1480.0,1492.0,30500
2022-12-20,1507.0,1509.0,1480.0,1485.0,17900
2022-12-21,1478.0,1491.0,1451.0,1451.0,28300
2022-12-22,1451.0,1468.0,1446.0,1455.0,12800
2022-12-23,1455.0,1455.0,1431.0,1431.0,15500
2022-12-26,1435.0,1438.0,1416.0,1416.0,27000
2022-12-27,1427.0,1437.0,1423.0,1426.0,13100
2022-12-28,1421.0,1421.0,1399.0,1410.0,52300
2022-12-29,1384.0,1399.0,1375.0,1386.0,62000
2022-12-30,1388.0,1403.0,1370.0,1373.0,32200
2023-01-04,1373.0,1400.0,1372.0,1390.0,31000
2023-01-05,1390.0,1390.0,1364.0,1364.0,30700
2023-01-06,1364.0,1381.0,1360.0,1363.0,24700
2023-01-10,1363.0,1367.0,1330.0,1330.0,25300
2023-01-11,1331.0,1345.0,1326.0,1328.0,30800
2023-01-12,1328.0,1338.0,1308.0,1314.0,49600
2023-01-13,1308.0,1320.0,1291.0,1297.0,40900
2023-01-16,1287.0,1299.0,1272.0,1274.0,35900
2023-01-17,1280.0,1303.0,1280.0,1297.0,21800
2023-01-18,1306.0,1342.0,1302.0,1329.0,26500
2023-01-19,1329.0,1333.0,1315.0,1316.0,19700
2023-01-20,1317.0,1337.0,1317.0,1331.0,11300
2023-01-23,1336.0,1349.0,1332.0,1346.0,17500
2023-01-24,1352.0,1375.0,1351.0,1359.0,18200
2023-01-25,1364.0,1373.0,1360.0,1369.0,12100
2023-01-26,1375.0,1377.0,1370.0,1371.0,13700
2023-01-27,1370.0,1370.0,1351.0,1358.0,19700
2023-01-30,1356.0,1361.0,1351.0,1359.0,28000
2023-01-31,1365.0,1371.0,1355.0,1360.0,21800
2023-02-01,1364.0,1364.0,1333.0,1337.0,27100
2023-02-02,1338.0,1347.0,1324.0,1325.0,15900
2023-02-03,1325.0,1333.0,1316.0,1322.0,16800
2023-02-06,1325.0,1328.0,1318.0,1323.0,18200
2023-02-07,1325.0,1330.0,1300.0,1309.0,29200
2023-02-08,1312.0,1317.0,1309.0,1311.0,7800
2023-02-09,1315.0,1316.0,1309.0,1309.0,13400
2023-02-10,1309.0,1314.0,1306.0,1308.0,10000
2023-02-13,1308.0,1310.0,1284.0,1301.0,50100
2023-02-14,1301.0,1301.0,1292.0,1293.0,25000
2023-02-15,1299.0,1300.0,1285.0,1291.0,30500
2023-02-16,1293.0,1296.0,1267.0,1285.0,67000
2023-02-17,1271.0,1280.0,1267.0,1277.0,36100
2023-02-20,1282.0,1294.0,1281.0,1289.0,21100
2023-02-21,1297.0,1311.0,1295.0,1305.0,25200
2023-02-22,1303.0,1305.0,1293.0,1296.0,25100
2023-02-24,1300.0,1309.0,1300.0,1306.0,17000
2023-02-27,1308.0,1325.0,1307.0,1325.0,19300
2023-02-28,1323.0,1331.0,1321.0,1323.0,16800
2023-03-01,1339.0,1348.0,1333.0,1348.0,24800
2023-03-02,1348.0,1348.0,1315.0,1320.0,34900
2023-03-03,1323.0,1335.0,1316.0,1333.0,43600
2023-03-06,1338.0,1338.0,1328.0,1336.0,30700
2023-03-07,1336.0,1344.0,1330.0,1337.0,23300
2023-03-08,1330.0,1332.0,1322.0,1325.0,38700
2023-03-09,1334.0,1340.0,1330.0,1337.0,38800
2023-03-10,1326.0,1329.0,1312.0,1317.0,69900
2023-03-13,1306.0,1306.0,1286.0,1297.0,54000
2023-03-14,1284.0,1284.0,1261.0,1276.0,61200
2023-03-15,1278.0,1293.0,1272.0,1273.0,33200
2023-03-16,1258.0,1261.0,1234.0,1261.0,64700
2023-03-17,1261.0,1266.0,1226.0,1226.0,157900
2023-03-20,1232.0,1240.0,1215.0,1219.0,83600
2023-03-22,1230.0,1231.0,1221.0,1221.0,49200
2023-03-23,1219.0,1230.0,1212.0,1230.0,49300
2023-03-24,1228.0,1230.0,1220.0,1228.0,64100
2023-03-27,1228.0,1231.0,1218.0,1218.0,92800
2023-03-28,1221.0,1226.0,1206.0,1223.0,85800
2023-03-29,1208.0,1218.0,1196.0,1218.0,243200
2023-03-30,1202.0,1213.0,1190.0,1202.0,111200
2023-03-31,1202.0,1214.0,1195.0,1207.0,69800
2023-04-03,1210.0,1224.0,1207.0,1224.0,68500
2023-04-04,1224.0,1224.0,1212.0,1222.0,66300
2023-04-05,1215.0,1225.0,1212.0,1221.0,71800
2023-04-06,1220.0,1236.0,1216.0,1233.0,67800
2023-04-07,1229.0,1230.0,1205.0,1206.0,77200
2023-04-10,1220.0,1220.0,1195.0,1202.0,45800
2023-04-11,1202.0,1209.0,1196.0,1207.0,46900
2023-04-12,1209.0,1215.0,1206.0,1208.0,21700
2023-04-13,1210.0,1213.0,1203.0,1210.0,34400
2023-04-14,1211.0,1222.0,1208.0,1217.0,27900
2023-04-17,1222.0,1222.0,1210.0,1215.0,18100
2023-04-18,1216.0,1231.0,1213.0,1225.0,36300
2023-04-19,1231.0,1231.0,1221.0,1227.0,24800
2023-04-20,1225.0,1232.0,1223.0,1225.0,20800
2023-04-21,1228.0,1231.0,1223.0,1230.0,14900
2023-04-24,1231.0,1232.0,1225.0,1230.0,14600
2023-04-25,1230.0,1234.0,1227.0,1229.0,27400
2023-04-26,1225.0,1231.0,1224.0,1230.0,23700
2023-04-27,1223.0,1229.0,1218.0,1228.0,22500
2023-04-28,1233.0,1243.0,1231.0,1243.0,44800
2023-05-01,1250.0,1253.0,1242.0,1250.0,39000
2023-05-02,1252.0,1252.0,1236.0,1237.0,23800
2023-05-08,1241.0,1255.0,1241.0,1252.0,34500
2023-05-09,1254.0,1264.0,1252.0,1261.0,26900
2023-05-10,1259.0,1261.0,1254.0,1255.0,18300
2023-05-11,1250.0,1250.0,1237.0,1244.0,18600
2023-05-12,1251.0,1264.0,1247.0,1264.0,35200
2023-05-15,1264.0,1264.0,1252.0,1260.0,29800
2023-05-16,1338.0,1338.0,1290.0,1315.0,128700
2023-05-17,1315.0,1315.0,1290.0,1301.0,47200
2023-05-18,1306.0,1306.0,1290.0,1297.0,45700
2023-05-19,1299.0,1302.0,1291.0,1295.0,20700
2023-05-22,1295.0,1315.0,1295.0,1305.0,26300
2023-05-23,1308.0,1323.0,1300.0,1308.0,33800
2023-05-24,1300.0,1305.0,1291.0,1291.0,24800
2023-05-25,1288.0,1290.0,1279.0,1284.0,21000
2023-05-26,1284.0,1291.0,1264.0,1264.0,27400
2023-05-29,1284.0,1284.0,1256.0,1256.0,39100
2023-05-30,1256.0,1266.0,1242.0,1249.0,26300
2023-05-31,1239.0,1246.0,1235.0,1235.0,47000
2023-06-01,1235.0,1258.0,1235.0,1255.0,42800
2023-06-02,1259.0,1266.0,1254.0,1258.0,30400
2023-06-05,1273.0,1273.0,1250.0,1250.0,25200
2023-06-06,1245.0,1249.0,1233.0,1238.0,37200
2023-06-07,1250.0,1266.0,1248.0,1257.0,54000
2023-06-08,1266.0,1266.0,1252.0,1259.0,33600
2023-06-09,1262.0,1273.0,1258.0,1268.0,37900
2023-06-12,1278.0,1285.0,1278.0,1282.0,16300
2023-06-13,1284.0,1290.0,1283.0,1286.0,26300
2023-06-14,1287.0,1312.0,1287.0,1306.0,55500
2023-06-15,1306.0,1310.0,1290.0,1297.0,41100
2023-06-16,1300.0,1300.0,1284.0,1284.0,58500
2023-06-19,1288.0,1318.0,1287.0,1318.0,40800
2023-06-20,1319.0,1347.0,1311.0,1347.0,92700
2023-06-21,1345.0,1365.0,1343.0,1348.0,60800
2023-06-22,1353.0,1379.0,1342.0,1347.0,41600
2023-06-23,1347.0,1356.0,1328.0,1338.0,37300
2023-06-26,1343.0,1346.0,1325.0,1338.0,19200
2023-06-27,1345.0,1353.0,1333.0,1344.0,26900
2023-06-28,1349.0,1354.0,1335.0,1342.0,35000
2023-06-29,1350.0,1352.0,1331.0,1348.0,54900
2023-06-30,1348.0,1350.0,1316.0,1322.0,39800
2023-07-03,1320.0,1345.0,1320.0,1342.0,39500
2023-07-04,1335.0,1355.0,1333.0,1348.0,55600
2023-07-05,1346.0,1353.0,1341.0,1346.0,18100
2023-07-06,1342.0,1343.0,1314.0,1318.0,52300
2023-07-07,1310.0,1316.0,1304.0,1311.0,33600
2023-07-10,1311.0,1321.0,1309.0,1314.0,27000
2023-07-11,1315.0,1324.0,1310.0,1312.0,20300
2023-07-12,1311.0,1328.0,1310.0,1323.0,28400
2023-07-13,1314.0,1329.0,1305.0,1307.0,30200
2023-07-14,1307.0,1311.0,1291.0,1299.0,30900
2023-07-18,1301.0,1313.0,1300.0,1304.0,16100
2023-07-19,1311.0,1317.0,1309.0,1316.0,14000
2023-07-20,1322.0,1322.0,1305.0,1305.0,10300
2023-07-21,1303.0,1307.0,1301.0,1305.0,9200
2023-07-24,1311.0,1325.0,1311.0,1323.0,15500
2023-07-25,1312.0,1315.0,1303.0,1309.0,20500
2023-07-26,1309.0,1311.0,1305.0,1306.0,10900
2023-07-27,1305.0,1312.0,1300.0,1312.0,17300
2023-07-28,1300.0,1317.0,1300.0,1312.0,29600
2023-07-31,1324.0,1326.0,1313.0,1317.0,20400
2023-08-01,1324.0,1325.0,1317.0,1325.0,16700
2023-08-02,1321.0,1321.0,1305.0,1306.0,19300
2023-08-03,1300.0,1300.0,1292.0,1293.0,27800
2023-08-04,1293.0,1301.0,1293.0,1298.0,9800
2023-08-07,1298.0,1309.0,1290.0,1305.0,16400
2023-08-08,1310.0,1318.0,1310.0,1313.0,17300
2023-08-09,1308.0,1308.0,1295.0,1307.0,23200
2023-08-10,1307.0,1337.0,1307.0,1337.0,48300
2023-08-14,1323.0,1330.0,1317.0,1321.0,35800
2023-08-15,1322.0,1342.0,1319.0,1340.0,42700
2023-08-16,1338.0,1343.0,1330.0,1331.0,12200
2023-08-17,1330.0,1330.0,1310.0,1319.0,16700
2023-08-18,1311.0,1336.0,1311.0,1330.0,24000
2023-08-21,1331.0,1338.0,1330.0,1334.0,13800
2023-08-22,1332.0,1343.0,1331.0,1341.0,13700
2023-08-23,1341.0,1371.0,1340.0,1369.0,27500
2023-08-24,1369.0,1385.0,1363.0,1381.0,29100
2023-08-25,1379.0,1399.0,1371.0,1397.0,27500
2023-08-28,1403.0,1441.0,1398.0,1441.0,60000
2023-08-29,1450.0,1460.0,1437.0,1457.0,28800
2023-08-30,1468.0,1469.0,1441.0,1450.0,39300
2023-08-31,1449.0,1449.0,1432.0,1434.0,27900
2023-09-01,1434.0,1462.0,1434.0,1453.0,25500
2023-09-04,1451.0,1487.0,1450.0,1484.0,43600
2023-09-05,1474.0,1475.0,1460.0,1475.0,26200
2023-09-06,1478.0,1482.0,1457.0,1464.0,22900
2023-09-07,1460.0,1481.0,1459.0,1472.0,30700
2023-09-08,1484.0,1484.0,1466.0,1467.0,27800
2023-09-11,1461.0,1475.0,1448.0,1458.0,20800
2023-09-12,1455.0,1468.0,1451.0,1454.0,15200
2023-09-13,1454.0,1459.0,1449.0,1456.0,16000
2023-09-14,1460.0,1461.0,1448.0,1458.0,14400
2023-09-15,1469.0,1469.0,1434.0,1437.0,45900
2023-09-19,1435.0,1459.0,1435.0,1459.0,23100
2023-09-20,1460.0,1460.0,1443.0,1454.0,22500
2023-09-21,1454.0,1475.0,1450.0,1462.0,21900
2023-09-22,1459.0,1477.0,1450.0,1468.0,37000
2023-09-25,1468.0,1476.0,1460.0,1467.0,30000
2023-09-26,1465.0,1465.0,1455.0,1459.0,29600
2023-09-27,1460.0,1483.0,1451.0,1481.0,46300
2023-09-28,1470.0,1470.0,1447.0,1459.0,37300
2023-09-29,1456.0,1480.0,1454.0,1457.0,26300
2023-10-02,1457.0,1505.0,1454.0,1492.0,49300
2023-10-03,1492.0,1492.0,1456.0,1472.0,32600
2023-10-04,1460.0,1479.0,1449.0,1455.0,53300
2023-10-05,1453.0,1487.0,1453.0,1483.0,34200
2023-10-06,1496.0,1574.0,1490.0,1526.0,90100
2023-10-10,1535.0,1594.0,1535.0,1593.0,82900
2023-10-11,1591.0,1591.0,1486.0,1486.0,100300
2023-10-12,1486.0,1506.0,1486.0,1495.0,26800
2023-10-13,1490.0,1510.0,1486.0,1509.0,26400
2023-10-16,1509.0,1520.0,1463.0,1471.0,38000
2023-10-17,1484.0,1497.0,1475.0,1489.0,21400
2023-10-18,1492.0,1492.0,1466.0,1471.0,17100
2023-10-19,1470.0,1492.0,1470.0,1488.0,16600
2023-10-20,1475.0,1497.0,1475.0,1491.0,15000
2023-10-23,1490.0,1500.0,1482.0,1497.0,16500
2023-10-24,1501.0,1514.0,1484.0,1511.0,32400
2023-10-25,1518.0,1539.0,1517.0,1534.0,26800
2023-10-26,1530.0,1547.0,1498.0,1502.0,29400
2023-10-27,1501.0,1519.0,1488.0,1519.0,29100
2023-10-30,1505.0,1515.0,1504.0,1512.0,13100
2023-10-31,1515.0,1564.0,1512.0,1562.0,27200
2023-11-01,1564.0,1566.0,1540.0,1563.0,27500
2023-11-02,1562.0,1566.0,1546.0,1561.0,17500
2023-11-06,1572.0,1587.0,1560.0,1560.0,28300
2023-11-07,1576.0,1581.0,1564.0,1568.0,15300
2023-11-08,1570.0,1570.0,1520.0,1537.0,25200
2023-11-09,1540.0,1540.0,1516.0,1532.0,17300
2023-11-10,1531.0,1560.0,1521.0,1557.0,25600
2023-11-13,1560.0,1566.0,1545.0,1557.0,17400
2023-11-14,1577.0,1594.0,1531.0,1564.0,51300
2023-11-15,1577.0,1595.0,1547.0,1587.0,45300
2023-11-16,1587.0,1587.0,1542.0,1547.0,20700
2023-11-17,1541.0,1606.0,1540.0,1592.0,64900
2023-11-20,1597.0,1601.0,1567.0,1577.0,22300
2023-11-21,1580.0,1580.0,1563.0,1579.0,12400
2023-11-22,1575.0,1587.0,1575.0,1577.0,6100
2023-11-24,1570.0,1582.0,1565.0,1577.0,14400
2023-11-27,1579.0,1615.0,1573.0,1601.0,45800
2023-11-28,1592.0,1630.0,1592.0,1627.0,31000
2023-11-29,1634.0,1634.0,1591.0,1603.0,14500
2023-11-30,1592.0,1618.0,1573.0,1615.0,30400
2023-12-01,1615.0,1620.0,1589.0,1591.0,16100
2023-12-04,1582.0,1635.0,1575.0,1624.0,37300
2023-12-05,1621.0,1636.0,1609.0,1609.0,26000
2023-12-06,1614.0,1655.0,1613.0,1649.0,43300
2023-12-07,1644.0,1668.0,1635.0,1655.0,27700
2023-12-08,1657.0,1672.0,1634.0,1644.0,34300
2023-12-11,1658.0,1696.0,1658.0,1696.0,44300
2023-12-12,1701.0,1716.0,1690.0,1707.0,39100
2023-12-13,1708.0,1710.0,1675.0,1688.0,23600
2023-12-14,1700.0,1705.0,1664.0,1669.0,21800
2023-12-15,1666.0,1667.0,1636.0,1645.0,39800
2023-12-18,1636.0,1648.0,1621.0,1645.0,22000
2023-12-19,1647.0,1655.0,1639.0,1650.0,15100
2023-12-20,1641.0,1676.0,1641.0,1659.0,28900
2023-12-21,1641.0,1646.0,1609.0,1610.0,24600
2023-12-22,1603.0,1638.0,1596.0,1622.0,25700
2023-12-25,1627.0,1683.0,1616.0,1681.0,41300
2023-12-26,1680.0,1681.0,1658.0,1673.0,20000
2023-12-27,1683.0,1689.0,1660.0,1685.0,30900
2023-12-28,1676.0,1692.0,1671.0,1682.0,14500
2023-12-29,1684.0,1714.0,1680.0,1699.0,25000
2024-01-04,1705.0,1708.0,1676.0,1707.0,18600
2024-01-05,1710.0,1729.0,1701.0,1724.0,21000
2024-01-09,1740.0,1758.0,1730.0,1739.0,27000
2024-01-10,1745.0,1763.0,1729.0,1756.0,36900
2024-01-11,1759.0,1759.0,1700.0,1707.0,55500
2024-01-12,1699.0,1701.0,1675.0,1675.0,31200
2024-01-15,1671.0,1694.0,1655.0,1692.0,39000
2024-01-16,1705.0,1718.0,1698.0,1704.0,25700
2024-01-17,1697.0,1739.0,1696.0,1724.0,29700
2024-01-18,1738.0,1764.0,1722.0,1732.0,47000
2024-01-19,1735.0,1750.0,1721.0,1747.0,30300
2024-01-22,1746.0,1746.0,1721.0,1735.0,15300
2024-01-23,1735.0,1747.0,1723.0,1729.0,18500
2024-01-24,1722.0,1722.0,1696.0,1701.0,23700
2024-01-25,1701.0,1722.0,1701.0,1707.0,14700
2024-01-26,1710.0,1716.0,1701.0,1705.0,15700
2024-01-29,1715.0,1726.0,1715.0,1717.0,14600
2024-01-30,1719.0,1741.0,1719.0,1735.0,29100
2024-01-31,1735.0,1761.0,1730.0,1761.0,23200
2024-02-01,1760.0,1760.0,1746.0,1750.0,13600
2024-02-02,1785.0,1831.0,1773.0,1831.0,69300
2024-02-05,1831.0,1831.0,1770.0,1779.0,66400
2024-02-06,1796.0,1818.0,1778.0,1798.0,33700
2024-02-07,1798.0,1831.0,1795.0,1827.0,35300
2024-02-08,1827.0,1829.0,1794.0,1820.0,34900
2024-02-09,1810.0,1849.0,1804.0,1844.0,38300
2024-02-13,1863.0,1879.0,1845.0,1854.0,84100
2024-02-14,2164.0,2250.0,2101.0,2124.0,467500
2024-02-15,2124.0,2135.0,2001.0,2013.0,196600
2024-02-16,2003.0,2049.0,1982.0,2027.0,75900
2024-02-19,2043.0,2120.0,2034.0,2120.0,60500
2024-02-20,2120.0,2140.0,2089.0,2100.0,43700
2024-02-21,2081.0,2115.0,2065.0,2088.0,40300
2024-02-22,2088.0,2129.0,2088.0,2122.0,34900
2024-02-26,2130.0,2130.0,2099.0,2100.0,28700
2024-02-27,2100.0,2162.0,2081.0,2162.0,68900
2024-02-28,2152.0,2152.0,2113.0,2116.0,48100
2024-02-29,2115.0,2133.0,2085.0,2107.0,31600
2024-03-01,2089.0,2097.0,2050.0,2052.0,47600
2024-03-04,2049.0,2068.0,2007.0,2040.0,53500
2024-03-05,2037.0,2043.0,2013.0,2031.0,22600
2024-03-06,2015.0,2047.0,2010.0,2040.0,39500
2024-03-07,2043.0,2081.0,2023.0,2023.0,34900
2024-03-08,2023.0,2085.0,2023.0,2061.0,56800
2024-03-11,2056.0,2056.0,2006.0,2025.0,46100
2024-03-12,2024.0,2024.0,1962.0,1974.0,46300
2024-03-13,2004.0,2018.0,1952.0,1967.0,44600
2024-03-14,1970.0,1970.0,1930.0,1955.0,34000
2024-03-15,1953.0,2019.0,1949.0,1995.0,71300
2024-03-18,2020.0,2030.0,1989.0,1990.0,46000
2024-03-19,1990.0,2026.0,1982.0,2006.0,32500
2024-03-21,2025.0,2025.0,1990.0,1990.0,48000
2024-03-22,1990.0,2026.0,1969.0,2016.0,50500
2024-03-25,2006.0,2045.0,2005.0,2031.0,88300
2024-03-26,2029.0,2064.0,2029.0,2051.0,39400
2024-03-27,2061.0,2068.0,2029.0,2046.0,80500
2024-03-28,2026.0,2046.0,1991.0,2008.0,58500
2024-03-29,1996.0,2022.0,1995.0,2007.0,19100
2024-04-01,2020.0,2020.0,1962.0,1962.0,25200
2024-04-02,1955.0,1997.0,1952.0,1974.0,28000
2024-04-03,1961.0,2012.0,1961.0,1998.0,26800
2024-04-04,1993.0,1993.0,1968.0,1979.0,22600
2024-04-05,1960.0,1982.0,1960.0,1974.0,25200
2024-04-08,2064.0,2166.0,2052.0,2159.0,183600
2024-04-09,2180.0,2245.0,2166.0,2228.0,128800
2024-04-10,2219.0,2265.0,2217.0,2243.0,80800
2024-04-11,2233.0,2262.0,2213.0,2259.0,27900
2024-04-12,2265.0,2327.0,2240.0,2324.0,69900
2024-04-15,2274.0,2300.0,2244.0,2295.0,41700
2024-04-16,2293.0,2314.0,2207.0,2215.0,53000
2024-04-17,2235.0,2259.0,2191.0,2206.0,29900
2024-04-18,2206.0,2241.0,2201.0,2212.0,15500
2024-04-19,2212.0,2212.0,2153.0,2187.0,60800
2024-04-22,2179.0,2235.0,2166.0,2233.0,35100
2024-04-23,2226.0,2302.0,2214.0,2280.0,63700
2024-04-24,2310.0,2310.0,2244.0,2260.0,36200
2024-04-25,2250.0,2264.0,2223.0,2232.0,13700
2024-04-26,2240.0,2245.0,2210.0,2229.0,33400
2024-04-30,2244.0,2260.0,2200.0,2260.0,30600
2024-05-01,2250.0,2271.0,2238.0,2250.0,26500
2024-05-02,2227.0,2279.0,2227.0,2248.0,39400
2024-05-07,2249.0,2300.0,2241.0,2290.0,39000
2024-05-08,2290.0,2297.0,2215.0,2233.0,38600
2024-05-09,2220.0,2231.0,2204.0,2211.0,36000
2024-05-10,2222.0,2291.0,2212.0,2279.0,51700
2024-05-13,2320.0,2355.0,2278.0,2308.0,112300
2024-05-14,2050.0,2078.0,2015.0,2043.0,273500
2024-05-15,2050.0,2115.0,2030.0,2051.0,103300
2024-05-16,2051.0,2059.0,1998.0,2001.0,66200
2024-05-17,2000.0,2055.0,1991.0,2043.0,65300
2024-05-20,2043.0,2043.0,1990.0,1990.0,53500
2024-05-21,2000.0,2026.0,1990.0,1990.0,43600
2024-05-22,1993.0,1993.0,1918.0,1919.0,66800
2024-05-23,1879.0,1886.0,1847.0,1870.0,109800
2024-05-24,1857.0,1903.0,1846.0,1891.0,41000
2024-05-27,1881.0,1900.0,1868.0,1882.0,29800
2024-05-28,1915.0,1915.0,1883.0,1886.0,23600
2024-05-29,1882.0,1899.0,1831.0,1831.0,28600
2024-05-30,1824.0,1838.0,1794.0,1833.0,51800
2024-05-31,1838.0,1866.0,1833.0,1860.0,26800
2024-06-03,1860.0,1881.0,1859.0,1862.0,14500
2024-06-04,1852.0,1884.0,1837.0,1841.0,33600
2024-06-05,1824.0,1832.0,1810.0,1810.0,24500
2024-06-06,1813.0,1834.0,1807.0,1828.0,27600
2024-06-07,1828.0,1865.0,1818.0,1853.0,24300
2024-06-10,1865.0,1916.0,1863.0,1913.0,62600
2024-06-11,1910.0,1950.0,1910.0,1917.0,40600
2024-06-12,1920.0,1948.0,1894.0,1939.0,47800
2024-06-13,1939.0,1939.0,1885.0,1886.0,37800
2024-06-14,1870.0,1975.0,1870.0,1952.0,67000
2024-06-17,1947.0,1957.0,1915.0,1947.0,39500
2024-06-18,1976.0,2012.0,1974.0,1979.0,42100
2024-06-19,2009.0,2085.0,1990.0,2085.0,90700
2024-06-20,2085.0,2099.0,2040.0,2055.0,49900
2024-06-21,2043.0,2066.0,1991.0,1991.0,95400
2024-06-24,1995.0,2019.0,1995.0,2010.0,27100
2024-06-25,2010.0,2047.0,2010.0,2043.0,23400
2024-06-26,2050.0,2050.0,2007.0,2024.0,40800
2024-06-27,2024.0,2040.0,2011.0,2026.0,38600
2024-06-28,2017.0,2037.0,2010.0,2016.0,25800
2024-07-01,2016.0,2017.0,1990.0,2001.0,25200
2024-07-02,2002.0,2010.0,1986.0,2001.0,29000
2024-07-03,2005.0,2011.0,1982.0,1995.0,18900
2024-07-04,1999.0,2024.0,1990.0,2013.0,27900
2024-07-05,2063.0,2072.0,1993.0,1995.0,53900
2024-07-08,1990.0,2005.0,1973.0,1979.0,27500
2024-07-09,1979.0,2050.0,1979.0,2040.0,53300
2024-07-10,2023.0,2040.0,2002.0,2027.0,23300
2024-07-11,2044.0,2062.0,2034.0,2045.0,20300
2024-07-12,2053.0,2099.0,2050.0,2085.0,33400
2024-07-16,2100.0,2120.0,2065.0,2065.0,17000
2024-07-17,2088.0,2098.0,2075.0,2092.0,11600
2024-07-18,2092.0,2145.0,2090.0,2125.0,27500
2024-07-19,2141.0,2188.0,2111.0,2179.0,36600
2024-07-22,2182.0,2185.0,2107.0,2107.0,27800
2024-07-23,2108.0,2145.0,2097.0,2107.0,14600
2024-07-24,2084.0,2121.0,2070.0,2081.0,19100
2024-07-25,2056.0,2117.0,2056.0,2091.0,26600
2024-07-26,2117.0,2119.0,2078.0,2100.0,23100
2024-07-29,2117.0,2209.0,2101.0,2202.0,46300
2024-07-30,2152.0,2163.0,2095.0,2102.0,39600
2024-07-31,2090.0,2168.0,2065.0,2157.0,30800
2024-08-01,2165.0,2165.0,2096.0,2119.0,31100
2024-08-02,2019.0,2033.0,1971.0,1971.0,47300
2024-08-05,1865.0,1950.0,1801.0,1875.0,86200
2024-08-06,2185.0,2185.0,2002.0,2076.0,170200
2024-08-07,2055.0,2148.0,2020.0,2110.0,53600
2024-08-08,2060.0,2110.0,2038.0,2052.0,64300
2024-08-09,2087.0,2104.0,2035.0,2077.0,55900
2024-08-13,2064.0,2114.0,2045.0,2102.0,53600
2024-08-14,2102.0,2153.0,2098.0,2153.0,32300
2024-08-15,2133.0,2224.0,2118.0,2215.0,53700
2024-08-16,2215.0,2317.0,2189.0,2312.0,74500
2024-08-19,2312.0,2340.0,2280.0,2288.0,61200
2024-08-20,2299.0,2322.0,2290.0,2312.0,25700
2024-08-21,2312.0,2328.0,2289.0,2314.0,39300
2024-08-22,2318.0,2423.0,2308.0,2420.0,70600
2024-08-23,2378.0,2401.0,2295.0,2328.0,61100
2024-08-26,2378.0,2401.0,2334.0,2348.0,45400
2024-08-27,2348.0,2455.0,2346.0,2453.0,84100
2024-08-28,2447.0,2447.0,2400.0,2424.0,37700
2024-08-29,2409.0,2432.0,2391.0,2414.0,24800
2024-08-30,2414.0,2444.0,2413.0,2422.0,34600
2024-09-02,2455.0,2468.0,2363.0,2404.0,48000
2024-09-03,2402.0,2463.0,2391.0,2448.0,39100
2024-09-04,2398.0,2415.0,2352.0,2413.0,56500
2024-09-05,2338.0,2358.0,2288.0,2296.0,70500
2024-09-06,2296.0,2298.0,2238.0,2258.0,52700
2024-09-09,2208.0,2239.0,2187.0,2217.0,38800
2024-09-10,2220.0,2260.0,2218.0,2245.0,44400
2024-09-11,2264.0,2385.0,2245.0,2356.0,153300
2024-09-12,2399.0,2512.0,2397.0,2425.0,199500
2024-09-13,2409.0,2409.0,2314.0,2342.0,71000
2024-09-17,2335.0,2369.0,2318.0,2367.0,34700
2024-09-18,2372.0,2396.0,2264.0,2314.0,46600
2024-09-19,2334.0,2376.0,2318.0,2373.0,26100
2024-09-20,2394.0,2395.0,2314.0,2316.0,103000
2024-09-24,2344.0,2359.0,2294.0,2354.0,43700
2024-09-25,2347.0,2347.0,2280.0,2285.0,37200
2024-09-26,2284.0,2330.0,2284.0,2319.0,41700
2024-09-27,2300.0,2314.0,2279.0,2306.0,40100
2024-09-30,2256.0,2272.0,2220.0,2236.0,57400
2024-10-01,2273.0,2322.0,2270.0,2322.0,31000
2024-10-02,2320.0,2332.0,2264.0,2279.0,40700
2024-10-03,2329.0,2329.0,2281.0,2281.0,25700
2024-10-04,2299.0,2324.0,2293.0,2293.0,36100
2024-10-07,2300.0,2300.0,2264.0,2289.0,36300
2024-10-08,2280.0,2280.0,2251.0,2274.0,34900
2024-10-09,2274.0,2287.0,2244.0,2261.0,21100
2024-10-10,2269.0,2269.0,2235.0,2243.0,29100
2024-10-11,2263.0,2359.0,2263.0,2345.0,62600
2024-10-15,2361.0,2374.0,2300.0,2331.0,34500
2024-10-16,2332.0,2343.0,2284.0,2284.0,24600
2024-10-17,2265.0,2275.0,2198.0,2219.0,62600
2024-10-18,2222.0,2233.0,2155.0,2172.0,63200
2024-10-21,2180.0,2203.0,2161.0,2195.0,25800
2024-10-22,2181.0,2208.0,2159.0,2165.0,15900
2024-10-23,2165.0,2193.0,2133.0,2134.0,19600
2024-10-24,2115.0,2168.0,2101.0,2149.0,31300
2024-10-25,2160.0,2196.0,2111.0,2151.0,24800
2024-10-28,2134.0,2153.0,2116.0,2135.0,20500
2024-10-29,2145.0,2165.0,2134.0,2153.0,16400
2024-10-30,2175.0,2188.0,2147.0,2167.0,162700
2024-10-31,2167.0,2208.0,2163.0,2192.0,27000
2024-11-01,2176.0,2208.0,2165.0,2187.0,32200
2024-11-05,2237.0,2239.0,2189.0,2204.0,39400
2024-11-06,2232.0,2232.0,2153.0,2184.0,56900
2024-11-07,2171.0,2198.0,2142.0,2177.0,35400
2024-11-08,2180.0,2200.0,2173.0,2180.0,28000
2024-11-11,2187.0,2233.0,2171.0,2200.0,107100
2024-11-12,2400.0,2410.0,2257.0,2306.0,163700
2024-11-13,2294.0,2337.0,2263.0,2293.0,53500
2024-11-14,2267.0,2285.0,2240.0,2240.0,31800
2024-11-15,2233.0,2267.0,2220.0,2244.0,39700
2024-11-18,2244.0,2290.0,2243.0,2258.0,25600
2024-11-19,2270.0,2289.0,2253.0,2269.0,19900
2024-11-20,2286.0,2302.0,2245.0,2252.0,38500
2024-11-21,2240.0,2248.0,2227.0,2238.0,24200
2024-11-22,2222.0,2232.0,2156.0,2194.0,69600
2024-11-25,2209.0,2250.0,2200.0,2205.0,27900
2024-11-26,2205.0,2213.0,2169.0,2180.0,25100
2024-11-27,2171.0,2173.0,2115.0,2137.0,24900
2024-11-28,2110.0,2152.0,2106.0,2144.0,15600
2024-11-29,2144.0,2144.0,2122.0,2123.0,14600
2024-12-02,2122.0,2155.0,2114.0,2129.0,13700
2024-12-03,2144.0,2196.0,2144.0,2175.0,24400
2024-12-04,2189.0,2189.0,2133.0,2133.0,20800
2024-12-05,2140.0,2141.0,2117.0,2132.0,30800
2024-12-06,2116.0,2125.0,2103.0,2105.0,21700
2024-12-09,2108.0,2146.0,2090.0,2124.0,48700
2024-12-10,2142.0,2181.0,2117.0,2166.0,33600
2024-12-11,2166.0,2173.0,2125.0,2136.0,40300
2024-12-12,2137.0,2160.0,2121.0,2144.0,41600
2024-12-13,2111.0,2120.0,2080.0,2097.0,44500
2024-12-16,2120.0,2133.0,2101.0,2128.0,28200
2024-12-17,2133.0,2133.0,2088.0,2092.0,17300
2024-12-18,2100.0,2100.0,2051.0,2052.0,64300
2024-12-19,2023.0,2050.0,2002.0,2038.0,61900
2024-12-20,2019.0,2030.0,2002.0,2002.0,59100
2024-12-23,2000.0,2011.0,1988.0,2011.0,49800
2024-12-24,1983.0,2004.0,1973.0,1997.0,36400
2024-12-25,1986.0,2010.0,1979.0,2010.0,46100
2024-12-26,2010.0,2030.0,1999.0,2028.0,28500
2024-12-27,2034.0,2048.0,2026.0,2044.0,26400
2024-12-30,2043.0,2043.0,2005.0,2010.0,39000
2025-01-06,2020.0,2030.0,2013.0,2015.0,25600
2025-01-07,2018.0,2018.0,1990.0,2004.0,37800
2025-01-08,1996.0,1998.0,1945.0,1945.0,67300
2025-01-09,1945.0,1971.0,1933.0,1933.0,40400
2025-01-10,1932.0,1932.0,1900.0,1900.0,43000
2025-01-14,1913.0,1920.0,1856.0,1860.0,44400
2025-01-15,1897.0,1906.0,1865.0,1882.0,57400
2025-01-16,1882.0,1882.0,1844.0,1844.0,49100
2025-01-17,1846.0,1846.0,1823.0,1826.0,21500
2025-01-20,1825.0,1835.0,1814.0,1816.0,24200
2025-01-21,1827.0,1831.0,1810.0,1831.0,49900
2025-01-22,1833.0,1840.0,1820.0,1836.0,31900
2025-01-23,1846.0,1846.0,1815.0,1818.0,24400
2025-01-24,1829.0,1837.0,1814.0,1814.0,28100
2025-01-27,1830.0,1834.0,1814.0,1829.0,33100
2025-01-28,1830.0,1854.0,1821.0,1849.0,40900
2025-01-29,1863.0,1867.0,1837.0,1846.0,49600
2025-01-30,1845.0,1845.0,1831.0,1842.0,32500
2025-01-31,1842.0,1842.0,1794.0,1806.0,95800
