Date,Open,High,Low,Close,Volume
2019-01-04,2161.54,2161.54,2084.72,2122.66,86245
2019-01-07,2190.95,2222.25,2172.93,2219.4,78337
2019-01-08,2238.37,2350.29,2238.37,2292.43,136220
2019-01-09,2307.61,2336.07,2260.19,2299.08,91833
2019-01-10,2287.69,2304.77,2257.34,2290.54,75807
2019-01-11,2317.1,2329.42,2275.36,2300.02,58727
2019-01-15,2296.23,2374.0,2273.46,2345.55,156253
2019-01-16,2345.55,2376.85,2308.56,2315.2,59464
2019-01-17,2341.76,2373.05,2318.05,2354.09,107331
2019-01-18,2333.22,2358.82,2294.33,2357.88,75807
2019-01-21,2398.66,2406.26,2366.42,2372.11,52611
2019-01-22,2360.72,2370.21,2327.53,2340.8,49870
2019-01-23,2300.97,2367.36,2279.15,2349.34,51873
2019-01-24,2313.3,2374.0,2312.36,2356.94,50925
2019-01-25,2357.88,2411.95,2357.88,2386.33,54720
2019-01-28,2382.54,2396.76,2359.78,2375.9,62417
2019-01-29,2332.27,2394.87,2328.47,2390.13,68321
2019-01-30,2369.26,2395.81,2337.95,2340.8,89409
2019-01-31,2392.02,2396.76,2363.57,2387.28,38800
2019-02-01,2399.61,2450.83,2375.9,2407.2,49554
2019-02-04,2436.6,2468.84,2433.76,2468.84,49975
2019-02-05,2463.16,2494.46,2463.16,2473.6,56197
2019-02-06,2473.6,2502.04,2466.01,2493.51,37957
2019-02-07,2471.69,2521.96,2467.9,2476.44,37007
2019-02-08,2429.01,2466.95,2424.28,2446.08,56197
2019-02-12,2493.51,2522.91,2466.95,2478.34,108914
2019-02-13,2498.25,2515.33,2453.67,2503.94,90251
2019-02-14,2513.42,2565.59,2501.1,2557.05,73592
2019-02-15,2525.75,2572.22,2504.88,2541.88,57777
2019-02-18,2589.3,2605.43,2566.54,2599.74,51767
2019-02-19,2588.36,2630.08,2582.67,2619.65,59886
2019-02-20,2633.88,2667.09,2615.86,2641.47,64420
2019-02-21,2661.39,2686.05,2638.62,2642.42,84347
2019-02-22,2699.33,2704.07,2652.85,2689.84,82449
2019-02-25,2713.55,2740.12,2689.84,2728.73,95207
2019-02-26,2713.55,2724.93,2660.43,2711.66,133163
2019-02-27,2720.19,2748.64,2690.79,2700.28,88564
2019-02-28,2700.28,2705.02,2653.8,2672.77,140860
2019-03-01,2699.33,2720.19,2668.97,2688.89,73910
2019-03-04,2730.63,2779.95,2722.09,2779.95,100057
2019-03-05,2772.36,2790.38,2749.6,2763.82,102904
2019-03-06,2763.82,2787.53,2742.95,2761.93,95101
2019-03-07,2722.09,2739.16,2711.66,2722.09,93521
2019-03-08,2675.61,2700.28,2610.17,2614.91,105961
2019-03-11,2662.34,2670.87,2628.19,2655.7,82660
2019-03-12,2697.43,2730.63,2684.14,2715.45,68321
2019-03-13,2736.31,2742.95,2694.59,2702.17,64103
2019-03-14,2745.8,2755.29,2698.38,2706.91,64209
2019-03-15,2747.7,2749.6,2705.02,2721.14,119562
2019-03-18,2732.52,2732.52,2699.33,2707.87,67056
2019-03-19,2732.52,2732.52,2699.33,2720.19,48605
2019-03-20,2740.12,2742.0,2721.14,2739.16,52823
2019-03-22,2744.85,2822.63,2744.85,2821.67,132636
2019-03-25,2747.7,2749.6,2703.12,2740.12,83081
2019-03-26,2742.0,2776.15,2739.16,2764.77,127575
2019-03-27,2783.74,2791.32,2736.31,2768.56,119351
2019-03-28,2764.77,2781.84,2741.06,2773.31,82977
2019-03-29,2797.97,2830.21,2793.23,2812.19,70536
2019-04-01,2859.61,2916.53,2850.13,2864.35,93942
2019-04-02,2902.3,2921.26,2869.1,2916.53,67688
2019-04-03,2935.49,2968.69,2902.3,2930.75,99107
2019-04-04,2944.97,2968.69,2907.03,2940.23,57989
2019-04-05,2954.47,2963.95,2926.01,2944.97,57144
2019-04-08,2978.18,2987.66,2883.33,2921.26,76967
2019-04-09,2930.75,2940.23,2869.1,2878.59,38905
2019-04-10,2883.33,2907.03,2840.65,2902.3,40908
2019-04-11,2926.01,2935.49,2888.07,2892.82,45969
2019-04-12,2916.53,2921.26,2869.1,2883.33,55774
2019-04-15,2963.95,2973.43,2911.78,2949.72,66107
2019-04-16,2954.47,2963.95,2897.55,2911.78,30470
2019-04-17,2911.78,2959.21,2911.78,2959.21,44598
2019-04-18,2954.47,2954.47,2878.59,2892.82,34160
2019-04-19,2897.55,2935.49,2897.55,2926.01,17502
2019-04-22,2935.49,2963.95,2878.59,2954.47,57462
2019-04-23,2959.21,2982.91,2926.01,2949.72,40803
2019-04-24,2954.47,2987.66,2940.23,2949.72,44493
2019-04-25,2954.47,2997.14,2944.97,2997.14,51135
2019-04-26,2963.95,3001.89,2935.49,2992.41,52717
2019-05-07,2982.91,3030.33,2973.43,2978.18,78232
2019-05-08,2930.75,2954.47,2902.3,2902.3,82555
2019-05-09,2902.3,2902.3,2842.54,2854.87,75281
2019-05-10,2883.33,2968.69,2850.13,2897.55,92360
2019-05-13,2940.23,2944.97,2732.52,2745.8,143812
2019-05-14,2698.38,2782.79,2653.8,2750.54,115977
2019-05-15,2787.53,2803.66,2743.91,2798.92,72960
2019-05-16,2805.55,2815.99,2736.31,2746.75,80762
2019-05-17,2778.99,2823.57,2763.82,2782.79,33527
2019-05-20,2782.79,2794.17,2742.0,2742.95,50081
2019-05-21,2706.91,2746.75,2676.57,2717.35,61256
2019-05-22,2753.39,2785.64,2735.37,2758.14,47761
2019-05-23,2737.27,2743.91,2672.77,2705.02,75069
2019-05-24,2669.93,2707.87,2650.01,2697.43,64315
2019-05-27,2704.07,2737.27,2691.74,2699.33,31208
2019-05-28,2704.07,2722.09,2696.48,2715.45,52295
2019-05-29,2669.93,2728.73,2667.09,2720.19,64842
2019-05-30,2704.07,2743.91,2685.11,2742.95,45020
2019-05-31,2742.95,2743.91,2700.28,2716.4,56723
2019-06-03,2657.59,2667.09,2628.19,2637.68,67688
2019-06-04,2630.08,2643.37,2599.74,2643.37,51030
2019-06-05,2690.79,2714.5,2678.45,2694.59,76229
2019-06-06,2693.63,2693.63,2650.95,2650.95,32262
2019-06-07,2668.97,2712.61,2636.73,2708.81,53982
2019-06-10,2738.21,2797.02,2730.63,2795.12,58727
2019-06-11,2816.94,2833.06,2790.38,2811.25,44387
2019-06-12,2801.77,2804.61,2768.56,2796.07,53771
2019-06-13,2748.64,2785.64,2736.31,2740.12,38800
2019-06-14,2696.48,2710.7,2665.18,2680.36,101005
2019-06-17,2662.34,2690.79,2624.4,2625.34,112182
2019-06-18,2628.19,2637.68,2558.96,2559.9,108491
2019-06-19,2567.49,2628.19,2538.09,2613.96,167323
2019-06-20,2625.34,2641.47,2596.9,2611.12,85191
2019-06-21,2574.13,2659.49,2541.88,2541.88,153512
2019-06-24,2546.63,2640.53,2546.63,2628.19,218459
2019-06-25,2620.6,2656.64,2618.71,2631.99,86667
2019-06-26,2650.01,2740.12,2649.06,2686.05,125361
2019-06-27,2712.61,2793.23,2688.89,2776.15,126731
2019-06-28,2766.67,2778.04,2714.5,2739.16,99634
2019-07-01,2827.36,2869.1,2815.99,2864.35,109862
2019-07-02,2864.35,2902.3,2832.11,2892.82,80340
2019-07-03,2892.82,2902.3,2859.61,2864.35,49975
2019-07-04,2864.35,2888.07,2864.35,2883.33,45758
2019-07-05,2883.33,2883.33,2859.61,2873.85,28678
2019-07-08,2873.85,2873.85,2843.5,2845.38,44810
2019-07-09,2835.9,2835.9,2783.74,2786.58,78654
2019-07-10,2762.87,2823.57,2760.02,2811.25,87510
2019-07-11,2812.19,2850.13,2796.07,2832.11,62944
2019-07-12,2831.17,2831.17,2797.97,2814.09,36059
2019-07-16,2814.09,2833.06,2806.5,2808.4,63682
2019-07-17,2808.4,2816.94,2769.51,2780.89,62944
2019-07-18,2740.12,2740.12,2642.42,2652.85,127154
2019-07-19,2620.6,2703.12,2599.74,2688.89,101217
2019-07-22,2654.75,2695.53,2652.85,2671.82,76651
2019-07-23,2695.53,2736.31,2661.39,2717.35,80552
2019-07-24,2741.06,2744.85,2707.87,2723.04,63998
2019-07-25,2723.04,2774.25,2692.68,2742.95,65264
2019-07-26,2722.09,2726.83,2687.94,2719.24,50714
2019-07-29,2697.43,2737.27,2691.74,2727.78,45336
2019-07-30,2739.16,2777.1,2730.63,2774.25,56829
2019-07-31,2768.56,2768.56,2706.91,2709.76,87089
2019-08-01,2719.24,2779.95,2716.4,2765.72,86350
2019-08-02,2705.02,2717.35,2590.24,2631.99,102481
2019-08-05,2762.87,2764.77,2492.56,2510.58,150559
2019-08-06,2463.16,2540.94,2435.66,2516.27,169326
2019-08-07,2498.25,2531.44,2473.6,2513.42,140860
2019-08-08,2513.42,2546.63,2508.69,2508.69,74647
2019-08-09,2537.14,2542.83,2499.19,2499.19,87720
2019-08-13,2462.21,2509.64,2421.43,2494.46,125466
2019-08-14,2519.12,2529.55,2488.77,2509.64,94680
2019-08-15,2422.37,2490.66,2422.37,2484.97,64631
2019-08-16,2482.13,2508.69,2474.54,2487.82,48078
2019-08-19,2514.38,2535.24,2496.36,2496.36,38905
2019-08-20,2531.44,2558.0,2513.42,2546.63,50397
2019-08-21,2500.15,2510.58,2471.69,2480.23,62839
2019-08-22,2505.85,2521.02,2491.62,2497.31,53032
2019-08-23,2508.69,2531.44,2508.69,2511.53,31735
2019-08-26,2428.06,2457.47,2412.89,2447.99,71378
2019-08-27,2475.49,2500.15,2468.84,2473.6,68321
2019-08-28,2482.13,2493.51,2453.67,2457.47,45758
2019-08-29,2485.92,2485.92,2420.48,2444.19,65264
2019-08-30,2447.99,2528.6,2447.99,2509.64,64631
2019-09-02,2494.46,2494.46,2465.06,2474.54,37324
2019-09-03,2460.32,2511.53,2454.62,2467.9,47446
2019-09-04,2466.01,2483.08,2429.01,2466.01,62417
2019-09-05,2503.94,2562.74,2490.66,2544.72,94468
2019-09-06,2552.31,2582.67,2539.98,2578.88,58727
2019-09-09,2576.98,2581.72,2557.05,2581.72,36269
2019-09-10,2591.21,2610.17,2585.51,2598.78,59254
2019-09-11,2598.78,2607.32,2570.34,2601.63,84558
2019-09-12,2600.69,2624.4,2573.19,2583.61,153406
2019-09-13,2583.61,2631.04,2582.67,2625.34,81816
2019-09-17,2631.04,2634.83,2610.17,2619.65,35426
2019-09-18,2640.53,2646.21,2598.78,2613.96,52717
2019-09-19,2636.73,2679.41,2630.08,2641.47,74647
2019-09-20,2674.66,2674.66,2606.38,2619.65,107225
2019-09-24,2626.3,2668.03,2617.76,2635.78,49132
2019-09-25,2608.28,2644.32,2600.69,2644.32,33106
2019-09-26,2684.14,2717.35,2640.53,2649.06,68848
2019-09-27,2650.95,2650.95,2596.9,2623.45,33212
2019-09-30,2590.24,2601.63,2565.59,2583.61,48183
2019-10-01,2566.54,2606.38,2566.54,2589.3,49554
2019-10-02,2569.39,2586.46,2528.6,2539.98,87720
2019-10-03,2468.84,2503.94,2460.32,2502.04,109441
2019-10-04,2491.62,2511.53,2470.75,2498.25,59676
2019-10-07,2498.25,2500.15,2453.67,2463.16,60730
2019-10-08,2484.97,2566.54,2482.13,2536.19,93097
2019-10-09,2527.66,2568.44,2521.96,2563.7,70640
2019-10-10,2579.82,2579.82,2515.33,2567.49,59781
2019-10-11,2567.49,2578.88,2549.46,2560.85,70746
2019-10-15,2627.25,2638.62,2588.36,2607.32,50081
2019-10-16,2636.73,2647.16,2601.63,2617.76,69692
2019-10-17,2613.96,2624.4,2594.05,2605.43,41119
2019-10-18,2622.5,2638.62,2595.94,2615.86,41857
2019-10-21,2605.43,2627.25,2603.53,2610.17,17291
2019-10-23,2636.73,2636.73,2596.9,2626.3,62206
2019-10-24,2621.55,2628.19,2613.02,2613.96,27096
2019-10-25,2643.37,2654.75,2627.25,2639.57,64736
2019-10-28,2639.57,2671.82,2625.34,2626.3,58938
2019-10-29,2673.72,2684.14,2636.73,2655.7,65053
2019-10-30,2634.83,2681.3,2595.0,2670.87,100372
2019-10-31,2670.87,2714.5,2670.87,2687.94,84664
2019-11-01,2658.55,2687.94,2658.55,2676.57,47023
2019-11-05,2670.87,2711.66,2648.1,2680.36,107016
2019-11-06,2703.12,2705.02,2675.61,2703.12,40908
2019-11-07,2685.11,2701.22,2672.77,2683.2,37112
2019-11-08,2741.06,2741.06,2659.49,2677.51,62101
2019-11-11,2674.66,2704.07,2638.62,2669.93,83187
2019-11-12,2663.28,2686.99,2657.59,2680.36,94574
2019-11-13,2668.97,2683.2,2629.14,2650.01,45969
2019-11-14,2651.9,2670.87,2637.68,2643.37,64736
2019-11-15,2653.8,2687.94,2650.01,2686.05,42384
2019-11-18,2688.89,2730.63,2688.89,2720.19,43966
2019-11-19,2673.72,2681.3,2648.1,2664.24,51558
2019-11-20,2636.73,2647.16,2584.56,2592.15,87405
2019-11-21,2592.15,2635.78,2577.92,2631.04,49765
2019-11-22,2613.02,2660.43,2613.02,2631.99,27308
2019-11-25,2631.04,2634.83,2596.9,2603.53,52190
2019-11-26,2620.6,2643.37,2606.38,2626.3,62839
2019-11-27,2657.59,2724.93,2654.75,2709.76,89197
2019-11-28,2727.78,2727.78,2651.9,2665.18,93203
2019-11-29,2640.53,2691.74,2640.53,2683.2,70957
2019-12-02,2675.61,2718.29,2668.97,2713.55,59676
2019-12-03,2680.36,2694.59,2667.09,2690.79,41963
2019-12-04,2690.79,2690.79,2656.64,2682.26,21087
2019-12-05,2692.68,2695.53,2665.18,2685.11,22668
2019-12-06,2654.75,2683.2,2643.37,2683.2,61151
2019-12-09,2649.06,2680.36,2649.06,2670.87,68532
2019-12-10,2667.09,2762.87,2667.09,2673.72,64842
2019-12-11,2660.43,2683.2,2653.8,2678.45,60308
2019-12-12,2686.99,2696.48,2665.18,2684.14,45020
2019-12-13,2731.58,2732.52,2686.05,2698.38,85401
2019-12-16,2715.45,2750.54,2709.76,2733.46,73592
2019-12-17,2741.06,2741.06,2694.59,2711.66,75702
2019-12-18,2710.7,2710.7,2677.51,2697.43,66845
2019-12-19,2676.57,2680.36,2652.85,2673.72,56197
2019-12-20,2673.72,2682.26,2657.59,2663.28,38272
2019-12-23,2666.12,2684.14,2629.14,2632.93,56618
2019-12-24,2636.73,2646.21,2611.12,2631.99,51030
2019-12-25,2627.25,2660.43,2618.71,2631.99,70957
2019-12-26,2627.25,2650.95,2627.25,2650.95,33423
2019-12-27,2679.93,2679.93,2652.89,2665.44,51671
2019-12-30,2647.09,2647.09,2609.43,2621.98,55916
2020-01-06,2588.18,2596.88,2554.38,2565.0,94850
2020-01-07,2570.8,2635.5,2565.0,2632.61,72898
2020-01-08,2597.84,2597.84,2532.17,2554.38,79525
2020-01-09,2585.28,2606.53,2577.56,2602.66,72069
2020-01-10,2601.7,2613.29,2574.66,2604.6,80768
2020-01-14,2608.46,2624.88,2580.46,2612.32,62543
2020-01-15,2606.53,2606.53,2556.31,2567.9,109967
2020-01-16,2573.7,2578.52,2550.52,2565.97,61508
2020-01-17,2565.97,2604.6,2549.55,2604.6,119598
2020-01-20,2589.14,2611.36,2589.14,2594.94,55191
2020-01-21,2582.38,2587.22,2549.55,2573.7,55294
2020-01-22,2559.21,2580.46,2549.55,2578.52,61404
2020-01-23,2560.18,2560.18,2526.37,2536.03,69273
2020-01-24,2544.72,2556.31,2520.58,2527.34,43697
2020-01-27,2462.64,2470.36,2445.25,2456.84,63889
2020-01-28,2413.38,2420.14,2377.65,2420.14,85219
2020-01-29,2419.18,2419.18,2385.38,2396.0,74865
2020-01-30,2412.42,2412.42,2354.47,2370.89,99199
2020-01-31,2359.3,2398.9,2359.3,2369.93,89568
2020-02-03,2301.36,2369.93,2298.46,2340.95,83252
2020-02-04,2317.77,2366.06,2317.77,2350.61,67720
2020-02-05,2368.96,2408.56,2368.96,2382.48,86358
2020-02-06,2424.98,2445.25,2399.86,2424.98,84702
2020-02-07,2420.14,2443.32,2417.24,2435.6,67410
2020-02-10,2443.32,2450.08,2367.99,2370.89,131712
2020-02-12,2350.61,2396.0,2341.91,2377.65,104997
2020-02-13,2399.86,2417.24,2386.34,2402.76,55812
2020-02-14,2377.65,2397.93,2362.2,2394.07,55398
2020-02-17,2388.27,2391.17,2349.65,2383.44,50324
2020-02-18,2365.09,2381.51,2333.23,2381.51,100338
2020-02-19,2396.96,2405.66,2374.75,2380.55,63786
2020-02-20,2408.56,2432.7,2368.96,2378.61,68549
2020-02-21,2377.65,2406.62,2377.65,2395.03,44732
2020-02-25,2346.75,2367.03,2312.95,2345.79,131298
2020-02-26,2335.15,2348.67,2301.36,2341.91,118562
2020-02-27,2326.47,2326.47,2226.03,2235.68,173546
2020-02-28,2170.01,2180.63,2093.72,2109.18,251620
2020-03-02,2108.2,2165.19,2089.86,2136.22,258662
2020-03-03,2184.51,2217.34,2144.91,2144.91,197155
2020-03-04,2117.86,2168.09,2099.52,2147.8,118976
2020-03-05,2172.91,2172.91,2086.96,2096.62,145278
2020-03-06,2048.33,2056.06,1986.53,1997.15,134094
2020-03-09,1973.97,1998.11,1881.26,1895.75,176652
2020-03-10,1873.53,1942.1,1825.25,1935.34,215482
2020-03-11,1912.16,1970.11,1897.68,1922.78,165779
2020-03-12,1905.4,1921.82,1836.83,1847.46,211444
2020-03-13,1731.57,1769.24,1665.9,1724.81,226977
2020-03-16,1731.57,1792.42,1709.35,1710.33,154701
2020-03-17,1710.33,1816.56,1566.43,1772.14,224905
2020-03-18,1772.14,1796.28,1639.82,1643.69,234639
2020-03-19,1646.58,1674.59,1564.5,1591.54,259284
2020-03-23,1593.47,1722.88,1583.81,1698.73,290244
2020-03-24,1699.71,1772.14,1698.73,1761.51,209788
2020-03-25,1838.77,1843.59,1783.72,1832.01,131920
2020-03-26,1834.91,1859.05,1786.62,1808.83,88740
2020-03-27,1847.46,1855.19,1810.76,1847.46,178206
2020-03-30,1808.83,1815.59,1745.09,1814.62,94746
2020-03-31,1776.0,1831.04,1751.85,1782.76,131609
2020-04-01,1742.19,1817.52,1725.77,1735.43,178516
2020-04-02,1705.49,1766.34,1695.83,1744.12,183590
2020-04-03,1754.75,1769.24,1646.58,1681.35,117216
2020-04-06,1607.96,1682.31,1591.54,1666.87,220660
2020-04-07,1714.19,1793.38,1694.87,1785.66,205231
2020-04-08,1786.62,1816.56,1761.51,1807.86,101995
2020-04-09,1812.69,1850.35,1804.0,1833.94,94228
2020-04-10,1857.11,1857.11,1770.2,1810.76,71033
2020-04-13,1814.62,1824.28,1787.58,1816.56,50945
2020-04-14,1822.35,1839.73,1799.17,1833.94,65235
2020-04-15,1850.35,1852.29,1810.76,1823.32,69792
2020-04-16,1806.9,1851.33,1785.66,1846.49,48667
2020-04-17,1884.16,1910.23,1850.35,1861.95,59955
2020-04-20,1857.11,1857.11,1814.62,1826.21,47528
2020-04-21,1812.69,1812.69,1759.58,1776.96,75486
2020-04-22,1764.4,1771.16,1746.06,1764.4,61404
2020-04-23,1771.16,1819.45,1771.16,1819.45,43697
2020-04-24,1834.91,1834.91,1788.55,1804.96,73829
2020-04-27,1860.01,1884.16,1855.19,1870.63,67098
2020-04-28,1882.23,1908.3,1869.67,1902.51,61300
2020-04-30,1964.32,1970.11,1933.41,1937.28,90190
2020-05-01,1911.2,1959.48,1892.85,1925.68,64096
2020-05-07,1917.96,1965.28,1901.54,1909.27,36346
2020-05-08,1939.2,1990.39,1928.58,1949.82,111832
2020-05-11,1929.54,2004.87,1926.65,1962.38,113592
2020-05-12,1971.08,1993.29,1960.45,1980.73,92468
2020-05-13,1950.8,1974.94,1936.3,1969.14,52912
2020-05-14,1973.0,1985.56,1919.89,1921.82,73208
2020-05-15,1938.24,1946.93,1901.54,1936.3,69377
2020-05-18,1933.41,1933.41,1894.78,1904.44,37691
2020-05-19,1943.06,1969.14,1930.52,1966.24,48461
2020-05-20,1979.77,1998.11,1974.94,1990.39,56847
2020-05-21,1999.08,2023.23,1991.35,1998.11,50945
2020-05-22,1976.87,1998.11,1936.3,1952.72,46597
2020-05-25,1960.45,1975.9,1951.76,1970.11,41626
2020-05-26,1972.04,1984.59,1949.82,1981.7,50324
2020-05-27,1989.42,2003.91,1968.18,1993.29,73208
2020-05-28,2021.29,2059.92,2010.67,2059.92,120633
2020-05-29,2018.39,2038.67,1991.35,1995.22,113281
2020-06-01,2011.63,2051.23,2011.63,2036.75,73623
2020-06-02,2047.37,2068.61,2035.78,2062.82,97335
2020-06-03,2103.38,2114.97,2054.13,2068.61,71966
2020-06-04,2096.62,2107.24,2057.03,2079.24,71345
2020-06-05,2083.1,2109.18,2062.82,2109.18,69066
2020-06-08,2188.37,2272.38,2172.91,2268.52,194151
2020-06-09,2316.81,2335.15,2278.18,2288.8,193116
2020-06-10,2337.09,2337.09,2312.95,2322.61,114730
2020-06-11,2293.63,2295.56,2248.24,2248.24,158324
2020-06-12,2177.75,2215.41,2169.05,2194.16,101891
2020-06-15,2182.57,2211.54,2154.57,2154.57,123014
2020-06-16,2201.89,2221.2,2182.57,2203.81,73726
2020-06-17,2196.09,2254.04,2196.09,2235.68,57573
2020-06-18,2230.86,2239.55,2196.09,2228.93,57676
2020-06-19,2221.2,2250.18,2206.71,2227.96,107793
2020-06-22,2221.2,2258.86,2193.19,2233.76,34585
2020-06-23,2257.9,2271.42,2234.72,2255.0,50738
2020-06-24,2248.24,2248.24,2217.34,2220.23,59022
2020-06-25,2187.39,2220.23,2167.12,2194.16,44215
2020-06-26,2209.61,2233.76,2188.37,2224.1,58194
2020-06-29,2212.51,2219.27,2183.53,2183.53,45665
2020-06-30,2202.85,2229.89,2190.29,2196.09,50428
2020-07-01,2197.05,2198.99,2163.25,2168.09,70309
2020-07-02,2170.99,2177.75,2121.73,2139.11,64096
2020-07-03,2139.11,2146.84,2112.08,2118.83,60161
2020-07-06,2117.86,2255.0,2110.14,2246.31,93503
2020-07-07,2232.79,2232.79,2151.67,2165.19,60161
2020-07-08,2172.91,2217.34,2157.46,2157.46,87394
2020-07-09,2139.11,2139.11,2098.56,2121.73,58090
2020-07-10,2096.62,2100.48,2039.64,2042.54,79111
2020-07-13,2067.65,2110.14,2067.65,2107.24,39452
2020-07-14,2107.24,2111.1,2073.44,2111.1,33342
2020-07-15,2111.1,2152.63,2107.24,2147.8,41730
2020-07-16,2132.35,2151.67,2123.66,2129.46,26405
2020-07-17,2119.8,2135.25,2082.14,2114.97,22884
2020-07-20,2113.04,2125.59,2080.2,2125.59,27750
2020-07-21,2123.66,2150.7,2114.0,2149.73,38623
2020-07-22,2170.01,2170.01,2109.18,2109.18,23609
2020-07-27,2090.82,2090.82,2051.23,2084.06,47424
2020-07-28,2121.73,2121.73,2058.96,2063.78,31582
2020-07-29,2052.19,2062.82,2028.05,2032.88,31893
2020-07-30,2057.99,2063.78,2028.05,2028.05,34895
2020-07-31,2028.05,2046.4,1958.52,1961.42,42351
2020-08-03,1981.7,2025.15,1973.97,2001.97,38209
2020-08-04,2009.71,2039.64,2003.91,2038.67,40695
2020-08-05,2014.53,2055.09,1971.08,2050.27,38520
2020-08-06,2046.4,2046.4,2004.87,2006.81,41936
2020-08-07,2006.81,2028.05,1975.9,2019.37,79421
2020-08-11,2103.38,2247.28,2064.75,2222.17,180691
2020-08-12,2315.84,2324.53,2241.48,2284.94,67513
2020-08-13,2226.03,2265.62,2226.03,2230.86,73829
2020-08-14,2234.72,2283.98,2230.86,2236.65,61818
2020-08-17,2227.96,2255.0,2215.41,2215.41,18949
2020-08-18,2216.37,2263.7,2212.51,2249.2,58090
2020-08-19,2231.82,2241.48,2198.99,2218.3,24127
2020-08-20,2240.52,2296.53,2224.1,2262.72,81492
2020-08-21,2293.63,2405.66,2292.66,2398.9,150040
2020-08-24,2394.07,2394.07,2344.81,2367.99,77661
2020-08-25,2412.42,2422.08,2385.38,2403.72,115041
2020-08-26,2414.34,2427.86,2382.48,2407.59,106240
2020-08-27,2415.32,2425.94,2386.34,2392.14,44111
2020-08-28,2396.96,2428.84,2354.47,2395.03,87705
2020-08-31,2424.0,2460.7,2421.1,2423.04,83252
2020-09-01,2395.03,2398.9,2358.33,2383.44,60161
2020-09-02,2390.2,2402.76,2366.06,2395.03,39038
2020-09-03,2414.34,2442.36,2400.83,2437.52,64303
2020-09-04,2340.95,2402.76,2332.26,2401.8,65545
2020-09-07,2404.69,2450.08,2404.69,2436.56,59022
2020-09-08,2458.77,2518.65,2455.88,2509.95,85117
2020-09-09,2474.22,2543.76,2474.22,2530.23,119804
2020-09-10,2530.23,2591.08,2516.71,2585.28,104997
2020-09-11,2586.25,2605.56,2564.04,2598.8,73519
2020-09-14,2621.02,2630.67,2583.36,2593.98,55605
2020-09-15,2583.36,2583.36,2537.0,2570.8,44526
2020-09-16,2588.18,2606.53,2572.73,2577.56,58194
2020-09-17,2559.21,2634.54,2559.21,2634.54,66996
2020-09-18,2618.12,2635.5,2604.6,2608.46,53016
2020-09-23,2563.07,2617.15,2562.1,2585.28,50428
2020-09-24,2573.7,2598.8,2542.79,2545.69,63786
2020-09-25,2564.04,2581.42,2552.45,2570.8,77764
2020-09-28,2599.77,2628.74,2578.52,2628.74,110693
2020-09-29,2589.14,2616.19,2587.22,2599.77,49599
2020-09-30,2626.81,2626.81,2532.17,2532.17,57469
2020-10-02,2569.83,2586.25,2454.91,2481.95,97646
2020-10-05,2530.23,2583.36,2529.27,2562.1,39452
2020-10-06,2587.22,2587.22,2547.62,2579.49,51567
2020-10-07,2537.96,2579.49,2532.17,2563.07,43593
2020-10-08,2597.84,2617.15,2562.1,2588.18,60472
2020-10-09,2621.02,2623.91,2587.22,2613.29,74037
2020-10-12,2607.5,2624.88,2586.25,2595.9,38623
2020-10-13,2608.46,2608.46,2577.56,2597.84,28476
2020-10-14,2565.0,2567.9,2544.72,2563.07,32825
2020-10-15,2466.5,2498.37,2410.48,2411.45,115869
2020-10-16,2414.34,2418.22,2368.96,2376.69,91640
2020-10-19,2416.28,2455.88,2393.1,2450.08,82217
2020-10-20,2460.7,2478.09,2449.12,2456.84,60886
2020-10-21,2459.74,2499.33,2459.74,2499.33,43387
2020-10-22,2479.05,2487.75,2408.56,2436.56,57987
2020-10-23,2484.85,2537.0,2459.74,2510.93,59643
2020-10-26,2493.54,2567.9,2477.12,2489.67,40797
2020-10-27,2474.22,2491.61,2424.0,2473.26,50428
2020-10-28,2460.7,2493.54,2447.18,2484.85,47218
2020-10-29,2433.66,2496.43,2433.66,2492.57,29097
2020-10-30,2466.5,2472.29,2424.0,2443.32,49910
2020-11-02,2462.64,2527.34,2462.64,2510.93,66581
2020-11-04,2549.55,2578.52,2516.71,2532.17,76418
2020-11-05,2490.64,2655.79,2486.78,2584.32,118044
2020-11-06,2576.6,2608.46,2538.93,2588.18,84702
2020-11-09,2636.47,2639.37,2582.38,2621.98,92261
2020-11-10,2636.47,2679.93,2619.08,2639.37,111624
2020-11-11,2703.1,2839.27,2699.24,2770.7,166401
2020-11-12,2754.28,2790.99,2752.36,2787.12,83356
2020-11-13,2781.33,2809.33,2762.02,2790.99,106136
2020-11-16,2836.37,2916.54,2836.37,2891.42,100544
2020-11-17,2848.93,2848.93,2774.57,2818.99,110796
2020-11-18,2788.09,2788.09,2760.08,2765.88,51773
2020-11-19,2752.36,2816.09,2722.42,2784.23,74347
2020-11-20,2735.94,2772.64,2723.38,2764.91,66684
2020-11-24,2837.35,2859.55,2788.09,2793.88,68859
2020-11-25,2842.17,2873.07,2791.95,2803.54,83045
2020-11-26,2755.26,2832.51,2728.22,2807.41,45561
2020-11-27,2785.19,2841.21,2774.57,2808.37,76418
2020-11-30,2782.3,2843.13,2766.84,2768.78,98681
2020-12-01,2768.78,2875.97,2768.78,2869.21,103237
2020-12-02,2865.35,2880.8,2847.0,2852.79,70619
2020-12-03,2852.79,2864.38,2823.83,2828.65,52912
2020-12-04,2781.33,2875.97,2781.33,2875.97,55398
2020-12-07,2863.42,2868.25,2812.23,2816.09,40073
2020-12-08,2852.79,2861.49,2829.61,2839.27,49185
2020-12-09,2848.93,2888.52,2842.17,2888.52,89983
2020-12-10,2880.8,2940.68,2849.89,2881.76,69688
2020-12-11,2879.84,2887.56,2844.11,2867.28,44526
2020-12-14,2847.0,2893.36,2839.27,2862.45,40797
2020-12-15,2864.38,2926.19,2864.38,2877.9,65028
2020-12-16,2906.88,2916.54,2852.79,2881.76,54467
2020-12-17,2881.76,2887.56,2845.07,2880.8,40383
2020-12-18,2868.25,2892.39,2838.31,2887.56,43801
2020-12-21,2892.39,2902.04,2848.93,2872.11,50532
2020-12-22,2834.45,2834.45,2776.5,2785.19,42351
2020-12-23,2786.16,2811.27,2777.46,2800.65,42248
2020-12-24,2829.61,2860.52,2801.61,2818.03,34999
2020-12-25,2818.99,2841.21,2815.13,2830.59,21434
2020-12-28,2849.89,2849.89,2801.61,2828.65,39659
2020-12-29,2836.51,2883.67,2836.51,2883.67,49770
2020-12-30,2881.71,2881.71,2836.51,2850.27,65852
2021-01-04,2878.76,2906.27,2837.49,2839.46,45801
2021-01-05,2835.53,2892.51,2828.65,2892.51,65037
2021-01-06,2899.39,2957.36,2880.72,2885.64,38473
2021-01-07,2925.92,2925.92,2886.62,2894.48,32977
2021-01-08,2900.37,2981.92,2884.65,2981.92,65953
2021-01-12,2972.1,3016.31,2939.67,2967.18,43460
2021-01-13,2967.18,2991.75,2944.59,2977.01,38066
2021-01-14,2986.83,3006.48,2947.53,2981.92,34809
2021-01-15,2981.92,2981.92,2847.32,2847.32,74808
2021-01-18,2798.19,2803.1,2748.08,2780.51,74605
2021-01-19,2797.21,2846.34,2789.35,2841.42,74198
2021-01-20,2828.65,2831.6,2768.72,2804.09,45292
2021-01-21,2843.39,2848.3,2782.47,2801.14,67887
2021-01-22,2790.33,2809.98,2757.91,2763.8,82645
2021-01-25,2800.16,2822.76,2773.63,2793.28,35216
2021-01-26,2793.28,2807.03,2757.91,2779.52,59745
2021-01-27,2757.91,2805.07,2757.91,2795.24,44071
2021-01-28,2751.03,2774.61,2717.63,2763.8,96386
2021-01-29,2746.12,2785.42,2660.64,2667.52,75521
2021-02-01,2638.04,2770.68,2637.06,2763.8,65139
2021-02-02,2803.1,2874.83,2803.1,2811.95,61780
2021-02-03,2827.67,2882.69,2820.79,2872.86,73078
2021-02-04,2897.43,2938.69,2862.06,2925.92,87429
2021-02-05,2957.36,3075.26,2943.6,3035.96,127123
2021-02-08,3016.31,3016.31,2869.92,2977.01,150227
2021-02-09,2947.53,3031.05,2923.95,2967.18,78879
2021-02-10,2957.36,2991.75,2936.73,2962.27,46615
2021-02-12,2991.75,3035.96,2967.18,2981.92,64529
2021-02-15,2941.64,2947.53,2900.37,2909.22,56081
2021-02-16,2879.74,2879.74,2813.91,2847.32,93638
2021-02-17,2838.48,2886.62,2830.62,2841.42,55572
2021-02-18,2814.9,2816.86,2734.33,2751.03,78269
2021-02-19,2738.26,2758.89,2719.59,2750.05,47735
2021-02-22,2728.43,2739.24,2692.08,2692.08,93638
2021-02-24,2693.06,2737.28,2665.55,2680.29,114197
2021-02-25,2696.01,2745.14,2658.68,2669.48,116945
2021-02-26,2651.8,2664.57,2564.35,2592.85,127836
2021-03-01,2650.82,2719.59,2650.82,2719.59,64121
2021-03-02,2751.03,2754.96,2713.7,2742.19,69007
2021-03-03,2734.33,2778.54,2700.92,2708.78,57811
2021-03-04,2682.26,2713.7,2644.92,2676.36,36437
2021-03-05,2636.08,2656.71,2591.86,2656.71,59134
2021-03-08,2687.17,2687.17,2597.76,2612.5,47531
2021-03-09,2634.11,2634.11,2578.11,2626.25,56386
2021-03-10,2641.97,2641.97,2582.04,2598.74,48549
2021-03-11,2622.32,2628.22,2592.85,2602.67,50178
2021-03-12,2602.67,2622.32,2585.97,2622.32,47226
2021-03-15,2625.27,2667.52,2624.29,2656.71,58625
2021-03-16,2663.59,2686.19,2639.03,2654.75,82136
2021-03-17,2670.47,2700.92,2670.47,2680.29,65343
2021-03-18,2706.82,2721.56,2684.22,2717.63,60864
2021-03-19,2676.36,2735.31,2662.61,2735.31,88243
2021-03-22,2686.19,2692.08,2662.61,2662.61,68498
2021-03-23,2669.48,2704.85,2643.94,2644.92,91806
2021-03-24,2622.32,2641.97,2597.76,2609.55,58320
2021-03-25,2607.59,2668.5,2607.59,2640.99,37455
2021-03-26,2700.92,2715.66,2665.55,2667.52,58116
2021-03-29,2700.92,2701.91,2654.75,2676.36,73282
2021-03-30,2673.41,2676.36,2638.04,2646.89,49465
2021-03-31,2630.18,2650.82,2617.41,2620.36,52620
2021-04-01,2628.22,2669.48,2628.22,2654.75,40407
2021-04-02,2657.69,2672.43,2651.8,2658.68,41832
2021-04-05,2668.5,2702.89,2662.61,2692.08,77149
2021-04-06,2699.94,2713.7,2631.17,2633.13,46208
2021-04-07,2627.24,2653.76,2609.55,2644.92,49872
2021-04-08,2645.9,2663.59,2622.32,2645.9,42239
2021-04-09,2657.69,2698.96,2657.69,2680.29,67277
2021-04-12,2682.26,2693.06,2640.99,2693.06,33486
2021-04-13,2679.31,2711.73,2679.31,2682.26,49465
2021-04-14,2652.78,2661.62,2634.11,2661.62,39185
2021-04-15,2660.64,2667.52,2629.2,2638.04,23511
2021-04-16,2642.96,2655.73,2624.29,2637.06,19033
2021-04-19,2637.06,2652.78,2630.18,2632.15,15878
2021-04-20,2624.29,2640.99,2608.57,2617.41,46615
2021-04-21,2569.27,2571.23,2532.91,2542.74,57913
2021-04-22,2569.27,2596.78,2556.49,2595.8,41832
2021-04-23,2569.27,2588.92,2560.42,2570.25,27073
2021-04-26,2554.53,2561.41,2532.91,2549.62,33995
2021-04-27,2558.46,2568.28,2534.88,2535.86,33791
2021-04-28,2535.86,2546.67,2506.39,2527.02,56895
2021-04-30,2527.02,2544.7,2514.25,2533.9,41628
2021-05-06,2555.51,2584.0,2554.53,2554.53,55267
2021-05-07,2603.66,2613.48,2578.11,2602.67,63409
2021-05-10,2790.33,2831.6,2677.34,2719.59,204680
2021-05-11,2694.05,2731.38,2642.96,2672.43,124375
2021-05-12,2694.05,2719.59,2666.54,2691.1,143408
2021-05-13,2674.4,2690.12,2627.24,2650.82,79694
2021-05-14,2693.06,2722.54,2683.24,2694.05,58727
2021-05-17,2677.34,2693.06,2654.75,2679.31,63816
2021-05-18,2672.43,2739.24,2663.59,2718.61,56590
2021-05-19,2698.96,2717.63,2691.1,2705.84,48753
2021-05-20,2709.77,2756.93,2709.77,2728.43,57404
2021-05-21,2705.84,2741.21,2693.06,2718.61,48244
2021-05-24,2715.66,2746.12,2699.94,2735.31,53740
2021-05-25,2735.31,2738.26,2692.08,2695.03,61780
2021-05-26,2695.03,2735.31,2686.19,2731.38,68396
2021-05-27,2731.38,2749.07,2712.71,2744.15,110431
2021-05-28,2751.03,2778.54,2730.4,2742.19,72976
2021-05-31,2744.15,2785.42,2742.19,2756.93,50788
2021-06-01,2785.42,2807.03,2756.93,2764.79,68600
2021-06-02,2778.54,2818.83,2773.63,2793.28,56691
2021-06-03,2796.23,2820.79,2783.45,2796.23,46513
2021-06-04,2800.16,2830.62,2791.31,2825.7,46513
2021-06-07,2923.95,2952.45,2898.41,2940.66,101678
2021-06-08,2942.62,2977.01,2908.23,2937.71,93739
2021-06-09,2937.71,2937.71,2880.72,2884.65,53638
2021-06-10,2884.65,2925.92,2869.92,2923.95,55979
2021-06-11,2926.9,2926.9,2866.97,2868.93,46819
2021-06-14,2877.78,2908.23,2849.28,2906.27,42951
2021-06-15,2893.5,2921.99,2886.62,2905.29,38982
2021-06-16,2905.29,2977.01,2895.46,2977.01,62493
2021-06-17,2947.53,2967.18,2931.81,2957.36,50686
2021-06-18,2957.36,2962.27,2927.88,2945.57,66564
2021-06-21,2886.62,2905.29,2805.07,2810.97,93027
2021-06-22,2826.69,2860.09,2802.12,2845.35,133535
2021-06-23,2856.16,2873.85,2832.58,2838.48,63409
2021-06-24,2836.51,2885.64,2815.88,2870.9,47837
2021-06-25,2883.67,2890.55,2860.09,2881.71,45394
2021-06-28,2832.58,2903.32,2832.58,2882.69,54554
2021-06-29,2874.83,2878.76,2836.51,2841.42,71348
2021-06-30,2873.85,2917.08,2864.02,2869.92,104223
2021-07-01,2869.92,2892.51,2842.41,2853.21,68905
2021-07-02,2862.06,2898.41,2854.2,2888.58,51704
2021-07-05,2869.92,2898.41,2859.11,2880.72,40000
2021-07-06,2886.62,2899.39,2879.74,2882.69,34911
2021-07-07,2850.27,2864.02,2815.88,2838.48,90177
2021-07-08,2817.84,2826.69,2777.56,2799.17,112569
2021-07-09,2763.8,2793.28,2742.19,2784.44,96386
2021-07-12,2821.77,2874.83,2821.77,2867.95,67785
2021-07-13,2873.85,2904.3,2873.85,2876.79,75623
2021-07-14,2851.25,2884.65,2850.27,2857.14,63511
2021-07-15,2854.2,2887.6,2844.37,2847.32,55979
2021-07-16,2809.98,2844.37,2806.05,2843.39,44376
2021-07-19,2800.16,2804.09,2768.72,2784.44,62900
2021-07-20,2760.86,2778.54,2742.19,2753.98,58727
2021-07-21,2771.66,2800.16,2764.79,2788.37,48040
2021-07-26,2837.49,2844.37,2808.02,2826.69,56793
2021-07-27,2833.56,2856.16,2829.63,2841.42,82645
2021-07-28,2838.48,2849.28,2808.02,2840.44,67684
2021-07-29,2849.28,2931.81,2832.58,2906.27,258419
2021-07-30,2884.65,2884.65,2833.56,2842.41,60763
2021-08-02,2872.86,2917.08,2853.21,2902.34,56488
2021-08-03,2903.32,2946.55,2901.36,2920.02,56183
2021-08-04,2921.01,2936.73,2901.36,2916.09,60152
2021-08-05,2906.27,2935.74,2905.29,2921.99,44478
2021-08-06,2921.99,2921.99,2896.44,2908.23,50992
2021-08-10,2937.71,3006.48,2905.29,2972.1,99744
2021-08-11,2977.01,3016.31,2957.36,3001.57,81933
2021-08-12,3016.31,3026.14,2947.53,2957.36,41119
2021-08-13,2947.53,2962.27,2893.5,2902.34,31043
2021-08-16,2893.5,2899.39,2839.46,2846.34,61373
2021-08-17,2867.95,2884.65,2850.27,2853.21,42442
2021-08-18,2853.21,2864.02,2800.16,2832.58,52213
2021-08-19,2832.58,2853.21,2821.77,2836.51,34402
2021-08-20,2849.28,2860.09,2823.74,2827.67,44885
2021-08-23,2864.02,2929.85,2864.02,2919.04,44580
2021-08-24,2926.9,2947.53,2910.2,2919.04,29618
2021-08-25,2906.27,2917.08,2874.83,2877.78,30330
2021-08-26,2859.11,2864.02,2838.48,2839.46,50788
2021-08-27,2839.46,2856.16,2834.55,2854.2,35216
2021-08-30,2856.16,2904.3,2856.16,2900.37,28498
2021-08-31,2898.41,2972.1,2898.41,2967.18,50279
2021-09-01,2926.9,2967.18,2922.97,2967.18,25445
2021-09-02,2967.18,3001.57,2952.45,2991.75,30534
2021-09-03,2996.66,3040.87,2981.92,3021.22,42951
2021-09-06,3026.14,3045.79,2991.75,3021.22,30025
2021-09-07,3045.79,3080.17,3035.96,3060.52,49770
2021-09-08,3065.44,3065.44,3026.14,3035.96,39796
2021-09-09,3031.05,3070.35,3006.48,3040.87,38167
2021-09-10,3031.05,3065.44,3011.4,3065.44,44681
2021-09-13,3040.87,3119.47,3031.05,3114.56,62493
2021-09-14,3139.12,3168.6,3104.74,3168.6,58727
2021-09-15,3099.82,3124.39,3050.7,3090.0,53434
2021-09-16,3080.17,3080.17,3040.87,3075.26,61984
2021-09-17,3085.09,3090.0,3050.7,3090.0,51602
2021-09-21,2977.01,3026.14,2977.01,3011.4,57200
2021-09-22,3011.4,3031.05,2981.92,2996.66,25649
2021-09-24,3006.48,3075.26,2991.75,3075.26,53129
2021-09-27,3124.39,3134.21,3080.17,3090.0,42442
2021-09-28,3060.52,3065.44,2991.75,3050.7,38371
2021-09-29,2981.92,3001.57,2945.57,3001.57,96691
2021-09-30,3001.57,3060.52,3001.57,3021.22,42646
2021-10-01,2967.18,2996.66,2929.85,2941.64,49974
2021-10-04,2943.6,2945.57,2880.72,2894.48,38167
2021-10-05,2853.21,2865.99,2800.16,2826.69,45190
2021-10-06,2855.18,2891.53,2814.9,2814.9,48142
2021-10-07,2826.69,2857.14,2822.76,2835.53,31145
2021-10-08,2898.41,2908.23,2858.13,2867.95,22900
2021-10-11,2877.78,2916.09,2861.07,2916.09,21577
2021-10-12,2906.27,2906.27,2834.55,2853.21,36844
2021-10-13,2832.58,2865.0,2814.9,2843.39,35521
2021-10-14,2843.39,2860.09,2832.58,2860.09,24427
2021-10-15,2907.25,2947.53,2896.44,2940.66,36743
2021-10-18,2915.11,2934.76,2898.41,2934.76,23715
2021-10-19,2913.15,2934.76,2908.23,2926.9,31959
2021-10-20,2962.27,3001.57,2936.73,2972.1,52417
2021-10-21,2977.01,2991.75,2946.55,2947.53,35827
2021-10-22,2921.01,2924.94,2899.39,2901.36,31043
2021-10-25,2898.41,2916.09,2868.93,2880.72,42748
2021-10-26,2876.79,2921.99,2858.13,2899.39,27989
2021-10-27,2896.44,2904.3,2872.86,2888.58,23715
2021-10-28,2891.53,2941.64,2872.86,2890.55,77251
2021-10-29,2894.48,2937.71,2870.9,2899.39,83663
2021-11-01,2947.53,2972.1,2926.9,2952.45,38676
2021-11-02,2923.95,2946.55,2901.36,2901.36,33282
2021-11-04,2947.53,2986.83,2926.9,2962.27,53231
2021-11-05,2962.27,2977.01,2928.87,2943.6,39898
2021-11-08,2878.76,2891.53,2804.09,2875.81,85393
2021-11-09,2884.65,2918.06,2835.53,2835.53,60559
2021-11-10,2856.16,2856.16,2818.83,2833.56,37760
2021-11-11,2837.49,2869.92,2832.58,2835.53,35216
2021-11-12,2858.13,2908.23,2842.41,2896.44,48651
2021-11-15,2925.92,2977.01,2923.95,2946.55,35623
2021-11-16,2977.01,3021.22,2957.36,2962.27,62900
2021-11-17,2947.53,2962.27,2903.32,2947.53,40000
2021-11-18,2962.27,2977.01,2927.88,2952.45,29007
2021-11-19,2967.18,2981.92,2910.2,2923.95,56081
2021-11-22,2894.48,2905.29,2870.9,2887.6,38778
2021-11-24,2866.97,2893.5,2852.23,2861.07,31246
2021-11-25,2884.65,2892.51,2865.99,2867.95,24529
2021-11-26,2858.13,2866.97,2829.63,2847.32,53333
2021-11-29,2847.32,2857.14,2804.09,2805.07,52111
2021-11-30,2810.97,2894.48,2808.02,2811.95,118472
2021-12-01,2807.03,2845.35,2768.72,2819.81,65037
2021-12-02,2800.16,2862.06,2796.23,2796.23,47938
2021-12-03,2807.03,2837.49,2791.31,2827.67,38167
2021-12-06,2832.58,2859.11,2820.79,2820.79,34809
2021-12-07,2855.18,2922.97,2855.18,2900.37,82544
2021-12-08,2941.64,2957.36,2927.88,2939.67,65546
2021-12-09,2905.29,2923.95,2865.99,2865.99,33180
2021-12-10,2852.23,2854.2,2817.84,2827.67,41526
2021-12-13,2828.65,2858.13,2813.91,2827.67,24224
2021-12-14,2800.16,2807.03,2776.58,2801.14,48651
2021-12-15,2778.54,2824.72,2778.54,2797.21,51602
2021-12-16,2839.46,2861.07,2798.19,2807.03,48854
2021-12-17,2803.1,2806.05,2754.96,2770.68,64834
2021-12-20,2750.05,2752.01,2684.22,2689.13,68193
2021-12-21,2736.29,2740.22,2690.12,2714.68,69109
2021-12-22,2722.54,2722.54,2678.33,2696.01,43765
2021-12-23,2707.8,2758.89,2705.84,2754.96,43867
2021-12-24,2782.47,2792.3,2761.84,2761.84,26157
2021-12-27,2771.66,2783.45,2751.03,2753.0,25445
2021-12-28,2773.63,2813.91,2768.72,2809.0,52518
2021-12-29,2803.0,2827.0,2793.0,2827.0,38900
2021-12-30,2825.0,2837.0,2807.0,2816.0,38000
2022-01-04,2840.0,2840.0,2804.0,2823.0,42000
2022-01-05,2838.0,2844.0,2818.0,2823.0,29500
2022-01-06,2800.0,2813.0,2762.0,2768.0,56100
2022-01-07,2758.0,2790.0,2726.0,2747.0,63700
2022-01-11,2720.0,2727.0,2641.0,2657.0,103000
2022-01-12,2653.0,2656.0,2597.0,2649.0,105200
2022-01-13,2661.0,2687.0,2614.0,2614.0,49800
2022-01-14,2601.0,2601.0,2547.0,2595.0,58600
2022-01-17,2613.0,2619.0,2584.0,2602.0,29900
2022-01-18,2602.0,2666.0,2599.0,2632.0,50400
2022-01-19,2587.0,2612.0,2493.0,2508.0,88000
2022-01-20,2477.0,2514.0,2446.0,2482.0,63200
2022-01-21,2477.0,2508.0,2460.0,2507.0,43000
2022-01-24,2478.0,2495.0,2470.0,2488.0,74700
2022-01-25,2461.0,2473.0,2421.0,2436.0,72800
2022-01-26,2386.0,2407.0,2326.0,2333.0,228200
2022-01-27,2383.0,2422.0,2316.0,2332.0,109900
2022-01-28,2348.0,2393.0,2323.0,2392.0,50900
2022-01-31,2363.0,2461.0,2363.0,2442.0,48200
2022-02-01,2481.0,2492.0,2406.0,2415.0,65100
2022-02-02,2420.0,2452.0,2414.0,2446.0,35300
2022-02-03,2424.0,2439.0,2402.0,2403.0,26900
2022-02-04,2390.0,2406.0,2358.0,2398.0,48700
2022-02-07,2598.0,2600.0,2463.0,2508.0,116500
2022-02-08,2508.0,2515.0,2471.0,2504.0,81700
2022-02-09,2543.0,2587.0,2522.0,2583.0,61200
2022-02-10,2591.0,2601.0,2543.0,2558.0,64700
2022-02-14,2492.0,2504.0,2446.0,2470.0,103600
2022-02-15,2473.0,2505.0,2459.0,2480.0,77800
2022-02-16,2503.0,2511.0,2479.0,2507.0,58600
2022-02-17,2500.0,2507.0,2471.0,2478.0,51000
2022-02-18,2428.0,2464.0,2408.0,2448.0,84300
2022-02-21,2460.0,2497.0,2428.0,2490.0,73300
2022-02-22,2472.0,2497.0,2460.0,2486.0,43200
2022-02-24,2450.0,2480.0,2430.0,2446.0,66800
2022-02-25,2447.0,2483.0,2426.0,2481.0,79000
2022-02-28,2495.0,2523.0,2471.0,2511.0,68500
2022-03-01,2514.0,2520.0,2469.0,2475.0,67300
2022-03-02,2444.0,2444.0,2406.0,2426.0,72500
2022-03-03,2485.0,2500.0,2465.0,2470.0,44000
2022-03-04,2468.0,2468.0,2385.0,2392.0,74600
2022-03-07,2360.0,2360.0,2267.0,2279.0,102900
2022-03-08,2238.0,2274.0,2191.0,2232.0,123200
2022-03-09,2257.0,2316.0,2240.0,2271.0,75400
2022-03-10,2336.0,2375.0,2336.0,2362.0,70800
2022-03-11,2356.0,2356.0,2304.0,2325.0,76600
2022-03-14,2340.0,2370.0,2331.0,2332.0,58600
2022-03-15,2340.0,2409.0,2340.0,2391.0,63800
2022-03-16,2400.0,2419.0,2380.0,2400.0,66600
2022-03-17,2406.0,2448.0,2402.0,2406.0,83200
2022-03-18,2401.0,2426.0,2391.0,2413.0,78800
2022-03-22,2433.0,2433.0,2392.0,2411.0,72800
2022-03-23,2415.0,2486.0,2408.0,2477.0,92200
2022-03-24,2450.0,2482.0,2436.0,2482.0,68500
2022-03-25,2529.0,2529.0,2458.0,2480.0,36600
2022-03-28,2477.0,2489.0,2460.0,2487.0,62400
2022-03-29,2487.0,2501.0,2464.0,2492.0,81100
2022-03-30,2530.0,2556.0,2501.0,2521.0,73200
2022-03-31,2490.0,2491.0,2441.0,2445.0,92600
2022-04-01,2445.0,2459.0,2400.0,2446.0,75500
2022-04-04,2455.0,2476.0,2430.0,2457.0,44500
2022-04-05,2476.0,2480.0,2443.0,2450.0,50500
2022-04-06,2427.0,2427.0,2387.0,2400.0,67900
2022-04-07,2385.0,2385.0,2345.0,2357.0,60800
2022-04-08,2357.0,2381.0,2337.0,2356.0,63500
2022-04-11,2354.0,2369.0,2322.0,2331.0,41000
2022-04-12,2325.0,2340.0,2290.0,2294.0,52400
2022-04-13,2290.0,2356.0,2289.0,2349.0,93500
2022-04-14,2349.0,2366.0,2301.0,2354.0,63900
2022-04-15,2315.0,2338.0,2300.0,2316.0,63100
2022-04-18,2292.0,2303.0,2268.0,2299.0,73500
2022-04-19,2307.0,2379.0,2307.0,2337.0,49200
2022-04-20,2350.0,2386.0,2338.0,2363.0,58900
2022-04-21,2358.0,2397.0,2355.0,2383.0,47900
2022-04-22,2363.0,2375.0,2342.0,2366.0,69600
2022-04-25,2323.0,2354.0,2317.0,2342.0,92200
2022-04-26,2334.0,2346.0,2306.0,2320.0,103300
2022-04-27,2273.0,2339.0,2265.0,2317.0,150600
2022-04-28,2332.0,2387.0,2332.0,2383.0,58100
2022-05-02,2383.0,2406.0,2371.0,2383.0,65600
2022-05-06,2390.0,2439.0,2383.0,2433.0,93600
2022-05-09,2300.0,2315.0,2251.0,2258.0,263200
2022-05-10,2250.0,2332.0,2235.0,2323.0,102500
2022-05-11,2323.0,2334.0,2299.0,2312.0,93400
2022-05-12,2262.0,2265.0,2222.0,2222.0,75400
2022-05-13,2229.0,2248.0,2220.0,2229.0,56500
2022-05-16,2232.0,2245.0,2185.0,2194.0,69900
2022-05-17,2200.0,2235.0,2195.0,2210.0,58500
2022-05-18,2236.0,2236.0,2181.0,2188.0,60300
2022-05-19,2140.0,2143.0,2119.0,2130.0,76600
2022-05-20,2120.0,2134.0,2104.0,2125.0,68800
2022-05-23,2130.0,2155.0,2117.0,2127.0,65700
2022-05-24,2135.0,2139.0,2103.0,2107.0,67500
2022-05-25,2120.0,2124.0,2083.0,2095.0,46600
2022-05-26,2079.0,2087.0,2056.0,2059.0,69900
2022-05-27,2067.0,2072.0,2034.0,2046.0,86900
2022-05-30,2064.0,2129.0,2060.0,2116.0,141000
2022-05-31,2098.0,2126.0,2098.0,2102.0,94500
2022-06-01,2126.0,2149.0,2107.0,2139.0,54800
2022-06-02,2109.0,2120.0,2093.0,2111.0,48500
2022-06-03,2114.0,2131.0,2100.0,2111.0,60300
2022-06-06,2100.0,2112.0,2086.0,2107.0,63500
2022-06-07,2120.0,2157.0,2111.0,2143.0,84700
2022-06-08,2151.0,2182.0,2146.0,2156.0,49900
2022-06-09,2155.0,2165.0,2138.0,2144.0,75100
2022-06-10,2125.0,2125.0,2090.0,2093.0,70400
2022-06-13,2043.0,2058.0,2041.0,2053.0,78400
2022-06-14,2025.0,2045.0,2016.0,2041.0,62900
2022-06-15,2040.0,2040.0,2017.0,2020.0,58000
2022-06-16,2026.0,2044.0,2012.0,2022.0,57300
2022-06-17,1998.0,2004.0,1974.0,1993.0,87900
2022-06-20,2018.0,2034.0,1962.0,1980.0,80200
2022-06-21,1980.0,2025.0,1980.0,2018.0,42500
2022-06-22,2038.0,2048.0,2000.0,2005.0,42300
2022-06-23,1988.0,2025.0,1988.0,2005.0,36100
2022-06-24,2005.0,2036.0,2005.0,2034.0,37000
2022-06-27,2056.0,2062.0,2023.0,2029.0,60600
2022-06-28,2031.0,2059.0,2023.0,2059.0,52100
2022-06-29,2049.0,2070.0,2033.0,2069.0,81700
2022-06-30,2064.0,2080.0,2037.0,2044.0,58200
2022-07-01,2044.0,2058.0,1991.0,1997.0,71000
2022-07-04,2011.0,2024.0,1997.0,2009.0,47700
2022-07-05,2009.0,2025.0,2002.0,2008.0,26700
2022-07-06,2004.0,2020.0,1992.0,2006.0,43300
2022-07-07,2018.0,2030.0,1992.0,2019.0,51900
2022-07-08,2025.0,2067.0,2019.0,2030.0,81200
2022-07-11,2055.0,2066.0,2031.0,2044.0,50900
2022-07-12,2036.0,2036.0,1992.0,2001.0,60600
2022-07-13,2000.0,2018.0,2000.0,2014.0,39500
2022-07-14,2006.0,2030.0,2001.0,2028.0,40400
2022-07-15,2038.0,2041.0,2014.0,2034.0,35600
2022-07-19,2022.0,2022.0,2000.0,2022.0,48000
2022-07-20,2045.0,2077.0,2045.0,2072.0,75900
2022-07-21,2056.0,2096.0,2048.0,2096.0,54100
2022-07-22,2088.0,2105.0,2086.0,2100.0,61700
2022-07-25,2106.0,2107.0,2085.0,2101.0,47500
2022-07-26,2094.0,2095.0,2068.0,2074.0,49900
2022-07-27,2074.0,2091.0,2057.0,2080.0,48800
2022-07-28,2097.0,2110.0,2066.0,2110.0,229700
2022-07-29,2120.0,2126.0,2070.0,2088.0,73700
2022-08-01,2104.0,2117.0,2086.0,2112.0,76100
2022-08-02,2115.0,2124.0,2082.0,2086.0,57400
2022-08-03,2089.0,2100.0,2078.0,2096.0,47300
2022-08-04,2110.0,2115.0,2091.0,2101.0,59200
2022-08-05,2099.0,2141.0,2093.0,2141.0,74400
2022-08-08,2339.0,2388.0,2312.0,2377.0,354900
2022-08-09,2395.0,2447.0,2380.0,2407.0,155200
2022-08-10,2398.0,2431.0,2373.0,2429.0,118600
2022-08-12,2440.0,2481.0,2439.0,2465.0,122300
2022-08-15,2465.0,2499.0,2465.0,2495.0,77000
2022-08-16,2504.0,2530.0,2495.0,2511.0,109200
2022-08-17,2532.0,2643.0,2519.0,2635.0,177300
2022-08-18,2622.0,2669.0,2607.0,2643.0,156300
2022-08-19,2643.0,2651.0,2587.0,2590.0,93300
2022-08-22,2560.0,2585.0,2529.0,2544.0,96400
2022-08-23,2525.0,2562.0,2515.0,2537.0,103200
2022-08-24,2537.0,2579.0,2530.0,2574.0,82000
2022-08-25,2621.0,2683.0,2620.0,2679.0,191400
2022-08-26,2698.0,2712.0,2660.0,2672.0,129700
2022-08-29,2601.0,2640.0,2574.0,2589.0,125300
2022-08-30,2605.0,2626.0,2586.0,2624.0,50800
2022-08-31,2600.0,2641.0,2586.0,2641.0,82400
2022-09-01,2598.0,2618.0,2567.0,2581.0,77700
2022-09-02,2625.0,2625.0,2553.0,2558.0,65700
2022-09-05,2520.0,2603.0,2463.0,2603.0,113600
2022-09-06,2603.0,2637.0,2576.0,2601.0,70700
2022-09-07,2600.0,2600.0,2567.0,2593.0,70300
2022-09-08,2595.0,2641.0,2593.0,2634.0,63500
2022-09-09,2640.0,2665.0,2632.0,2657.0,73300
2022-09-12,2666.0,2685.0,2655.0,2658.0,53600
2022-09-13,2668.0,2704.0,2668.0,2704.0,48700
2022-09-14,2654.0,2673.0,2633.0,2655.0,60300
2022-09-15,2657.0,2672.0,2644.0,2660.0,41600
2022-09-16,2627.0,2652.0,2610.0,2622.0,54800
2022-09-20,2625.0,2667.0,2624.0,2632.0,67000
2022-09-21,2599.0,2618.0,2579.0,2592.0,49500
2022-09-22,2558.0,2616.0,2556.0,2599.0,52200
2022-09-26,2550.0,2553.0,2465.0,2467.0,142200
2022-09-27,2481.0,2521.0,2481.0,2485.0,59200
2022-09-28,2463.0,2500.0,2450.0,2483.0,65800
2022-09-29,2520.0,2524.0,2484.0,2496.0,53100
2022-09-30,2474.0,2474.0,2415.0,2441.0,59600
2022-10-03,2430.0,2516.0,2430.0,2515.0,77500
2022-10-04,2579.0,2602.0,2553.0,2570.0,83400
2022-10-05,2584.0,2610.0,2564.0,2575.0,57600
2022-10-06,2580.0,2616.0,2580.0,2602.0,46100
2022-10-07,2572.0,2593.0,2566.0,2589.0,71200
2022-10-11,2564.0,2564.0,2517.0,2536.0,82000
2022-10-12,2530.0,2560.0,2527.0,2534.0,63400
2022-10-13,2522.0,2545.0,2515.0,2517.0,69500
2022-10-14,2574.0,2643.0,2567.0,2613.0,105200
2022-10-17,2577.0,2582.0,2560.0,2567.0,51000
2022-10-18,2595.0,2610.0,2582.0,2602.0,61000
2022-10-19,2586.0,2592.0,2566.0,2580.0,52900
2022-10-20,2573.0,2578.0,2545.0,2563.0,75900
2022-10-21,2563.0,2580.0,2550.0,2550.0,44800
2022-10-24,2593.0,2608.0,2556.0,2556.0,54300
2022-10-25,2560.0,2591.0,2557.0,2586.0,33700
2022-10-26,2586.0,2586.0,2570.0,2574.0,39300
2022-10-27,2563.0,2580.0,2551.0,2553.0,47600
2022-10-28,2525.0,2546.0,2487.0,2487.0,258600
2022-10-31,2524.0,2586.0,2524.0,2586.0,90000
2022-11-01,2589.0,2596.0,2572.0,2596.0,41600
2022-11-02,2588.0,2624.0,2580.0,2599.0,122100
2022-11-04,2570.0,2597.0,2542.0,2567.0,106400
2022-11-07,2523.0,2586.0,2516.0,2565.0,117400
2022-11-08,2580.0,2635.0,2573.0,2612.0,103900
2022-11-09,2619.0,2619.0,2571.0,2579.0,56000
2022-11-10,2584.0,2597.0,2556.0,2580.0,58000
2022-11-11,2637.0,2637.0,2589.0,2598.0,61600
2022-11-14,2599.0,2608.0,2580.0,2585.0,70400
2022-11-15,2601.0,2679.0,2600.0,2657.0,126500
2022-11-16,2668.0,2703.0,2610.0,2688.0,104600
2022-11-17,2688.0,2688.0,2649.0,2653.0,34100
2022-11-18,2660.0,2669.0,2622.0,2630.0,41600
2022-11-21,2635.0,2640.0,2620.0,2632.0,35800
2022-11-22,2632.0,2670.0,2632.0,2663.0,33000
2022-11-24,2675.0,2690.0,2653.0,2653.0,61100
2022-11-25,2657.0,2665.0,2632.0,2638.0,58800
2022-11-28,2643.0,2646.0,2627.0,2646.0,43600
2022-11-29,2630.0,2668.0,2621.0,2647.0,87300
2022-11-30,2625.0,2651.0,2612.0,2647.0,103600
2022-12-01,2680.0,2680.0,2647.0,2648.0,63100
2022-12-02,2648.0,2648.0,2602.0,2602.0,75800
2022-12-05,2601.0,2602.0,2561.0,2567.0,78600
2022-12-06,2561.0,2580.0,2543.0,2568.0,62800
2022-12-07,2547.0,2581.0,2543.0,2563.0,60400
2022-12-08,2571.0,2591.0,2530.0,2574.0,68100
2022-12-09,2564.0,2605.0,2564.0,2596.0,49900
2022-12-12,2578.0,2603.0,2570.0,2596.0,35900
2022-12-13,2608.0,2615.0,2567.0,2574.0,54700
2022-12-14,2574.0,2599.0,2574.0,2593.0,29800
2022-12-15,2584.0,2603.0,2574.0,2588.0,23000
2022-12-16,2570.0,2575.0,2556.0,2559.0,56300
2022-12-19,2542.0,2556.0,2537.0,2544.0,32900
2022-12-20,2540.0,2569.0,2495.0,2511.0,82200
2022-12-21,2481.0,2481.0,2419.0,2431.0,136700
2022-12-22,2442.0,2483.0,2432.0,2458.0,111700
2022-12-23,2445.0,2464.0,2420.0,2440.0,51600
2022-12-26,2440.0,2440.0,2404.0,2431.0,44600
2022-12-27,2440.0,2450.0,2419.0,2431.0,49500
2022-12-28,2420.0,2426.0,2404.0,2416.0,112100
2022-12-29,2350.0,2350.0,2301.0,2338.0,127000
2022-12-30,2356.0,2386.0,2356.0,2360.0,66500
2023-01-04,2348.0,2360.0,2310.0,2311.0,67100
2023-01-05,2290.0,2299.0,2278.0,2280.0,60900
2023-01-06,2251.0,2301.0,2229.0,2292.0,100700
2023-01-10,2292.0,2327.0,2291.0,2313.0,75900
2023-01-11,2340.0,2355.0,2335.0,2349.0,33600
2023-01-12,2352.0,2380.0,2348.0,2351.0,82300
2023-01-13,2335.0,2364.0,2326.0,2338.0,57900
2023-01-16,2316.0,2317.0,2281.0,2286.0,69100
2023-01-17,2285.0,2312.0,2280.0,2303.0,60100
2023-01-18,2304.0,2351.0,2292.0,2332.0,56000
2023-01-19,2300.0,2311.0,2279.0,2279.0,57000
2023-01-20,2285.0,2345.0,2276.0,2325.0,120300
2023-01-23,2350.0,2374.0,2348.0,2370.0,42200
2023-01-24,2390.0,2407.0,2379.0,2400.0,44500
2023-01-25,2393.0,2402.0,2366.0,2370.0,41400
2023-01-26,2378.0,2380.0,2345.0,2365.0,55700
2023-01-27,2365.0,2375.0,2347.0,2369.0,34800
2023-01-30,2370.0,2386.0,2363.0,2386.0,60800
2023-01-31,2386.0,2426.0,2373.0,2411.0,73000
2023-02-01,2447.0,2447.0,2410.0,2435.0,61400
2023-02-02,2455.0,2479.0,2434.0,2467.0,121300
2023-02-03,2486.0,2505.0,2464.0,2475.0,147100
2023-02-06,2525.0,2698.0,2523.0,2650.0,536100
2023-02-07,2640.0,2698.0,2622.0,2687.0,161200
2023-02-08,2703.0,2785.0,2703.0,2731.0,160500
2023-02-09,2732.0,2758.0,2726.0,2747.0,92000
2023-02-10,2730.0,2781.0,2720.0,2734.0,82300
2023-02-13,2715.0,2725.0,2688.0,2692.0,67900
2023-02-14,2717.0,2744.0,2710.0,2718.0,108300
2023-02-15,2748.0,2754.0,2734.0,2735.0,46300
2023-02-16,2735.0,2776.0,2732.0,2775.0,64000
2023-02-17,2751.0,2765.0,2737.0,2740.0,47000
2023-02-20,2749.0,2772.0,2696.0,2696.0,36300
2023-02-21,2685.0,2728.0,2685.0,2725.0,52500
2023-02-22,2691.0,2710.0,2670.0,2683.0,52600
2023-02-24,2697.0,2704.0,2677.0,2688.0,54300
2023-02-27,2673.0,2685.0,2648.0,2665.0,38900
2023-02-28,2676.0,2681.0,2647.0,2652.0,63500
2023-03-01,2637.0,2700.0,2630.0,2695.0,60800
2023-03-02,2719.0,2743.0,2698.0,2707.0,67300
2023-03-03,2719.0,2724.0,2677.0,2693.0,60100
2023-03-06,2722.0,2722.0,2684.0,2696.0,54900
2023-03-07,2696.0,2696.0,2663.0,2692.0,65400
2023-03-08,2685.0,2725.0,2685.0,2706.0,60400
2023-03-09,2780.0,2830.0,2770.0,2791.0,151800
2023-03-10,2742.0,2778.0,2732.0,2765.0,90500
2023-03-13,2715.0,2720.0,2661.0,2688.0,90600
2023-03-14,2638.0,2638.0,2586.0,2600.0,65400
2023-03-15,2632.0,2652.0,2607.0,2626.0,48700
2023-03-16,2576.0,2662.0,2571.0,2649.0,97200
2023-03-17,2699.0,2701.0,2643.0,2644.0,179300
2023-03-20,2636.0,2675.0,2610.0,2626.0,56900
2023-03-22,2676.0,2679.0,2628.0,2640.0,43800
2023-03-23,2603.0,2630.0,2592.0,2624.0,60300
2023-03-24,2597.0,2637.0,2595.0,2630.0,35100
2023-03-27,2669.0,2681.0,2653.0,2657.0,41100
2023-03-28,2690.0,2690.0,2624.0,2633.0,63500
2023-03-29,2683.0,2721.0,2675.0,2721.0,92400
2023-03-30,2727.0,2734.0,2665.0,2680.0,65500
2023-03-31,2680.0,2713.0,2670.0,2704.0,66700
2023-04-03,2730.0,2737.0,2692.0,2702.0,52700
2023-04-04,2688.0,2688.0,2634.0,2644.0,109900
2023-04-05,2627.0,2649.0,2573.0,2580.0,77500
2023-04-06,2560.0,2574.0,2535.0,2553.0,51500
2023-04-07,2549.0,2574.0,2548.0,2568.0,38400
2023-04-10,2566.0,2567.0,2542.0,2547.0,50100
2023-04-11,2583.0,2614.0,2571.0,2574.0,46100
2023-04-12,2562.0,2585.0,2560.0,2572.0,37300
2023-04-13,2573.0,2592.0,2560.0,2589.0,42900
2023-04-14,2619.0,2631.0,2603.0,2630.0,53800
2023-04-17,2622.0,2634.0,2592.0,2618.0,71300
2023-04-18,2637.0,2645.0,2622.0,2630.0,34600
2023-04-19,2631.0,2632.0,2595.0,2608.0,35300
2023-04-20,2658.0,2739.0,2658.0,2706.0,144500
2023-04-21,2700.0,2731.0,2670.0,2676.0,78600
2023-04-24,2700.0,2738.0,2690.0,2704.0,64900
2023-04-25,2700.0,2736.0,2700.0,2714.0,75200
2023-04-26,2694.0,2694.0,2646.0,2647.0,82300
2023-04-27,2652.0,2671.0,2643.0,2661.0,61000
2023-04-28,2692.0,2707.0,2675.0,2707.0,73500
2023-05-01,2721.0,2736.0,2709.0,2719.0,53700
2023-05-02,2729.0,2745.0,2719.0,2737.0,73600
2023-05-08,2745.0,2798.0,2743.0,2778.0,112600
2023-05-09,2797.0,2827.0,2791.0,2822.0,111300
2023-05-10,2822.0,2829.0,2788.0,2809.0,75000
2023-05-11,2769.0,2803.0,2763.0,2778.0,50100
2023-05-12,2789.0,2799.0,2737.0,2746.0,83300
2023-05-15,2769.0,2813.0,2706.0,2709.0,153200
2023-05-16,2712.0,2728.0,2628.0,2658.0,168500
2023-05-17,2658.0,2660.0,2622.0,2640.0,146800
2023-05-18,2641.0,2673.0,2607.0,2662.0,206100
2023-05-19,2655.0,2676.0,2641.0,2667.0,123700
2023-05-22,2667.0,2727.0,2655.0,2720.0,119400
2023-05-23,2726.0,2738.0,2659.0,2663.0,128900
2023-05-24,2641.0,2669.0,2631.0,2654.0,98200
2023-05-25,2636.0,2664.0,2629.0,2647.0,85200
2023-05-26,2638.0,2642.0,2587.0,2589.0,138500
2023-05-29,2630.0,2634.0,2583.0,2587.0,149100
2023-05-30,2551.0,2585.0,2545.0,2566.0,140900
2023-05-31,2533.0,2570.0,2513.0,2534.0,228300
2023-06-01,2546.0,2547.0,2496.0,2505.0,136600
2023-06-02,2507.0,2537.0,2496.0,2519.0,153000
2023-06-05,2539.0,2558.0,2508.0,2558.0,159100
2023-06-06,2530.0,2538.0,2505.0,2519.0,150600
2023-06-07,2534.0,2543.0,2502.0,2515.0,196500
2023-06-08,2500.0,2515.0,2470.0,2500.0,251800
2023-06-09,2517.0,2517.0,2486.0,2496.0,209200
2023-06-12,2499.0,2530.0,2494.0,2523.0,126500
2023-06-13,2540.0,2540.0,2515.0,2533.0,107100
2023-06-14,2556.0,2575.0,2548.0,2565.0,128400
2023-06-15,2585.0,2619.0,2582.0,2607.0,99100
2023-06-16,2612.0,2621.0,2587.0,2605.0,124100
2023-06-19,2619.0,2658.0,2617.0,2649.0,108700
2023-06-20,2637.0,2689.0,2631.0,2685.0,130400
2023-06-21,2674.0,2712.0,2663.0,2703.0,113100
2023-06-22,2719.0,2738.0,2685.0,2696.0,143700
2023-06-23,2701.0,2717.0,2643.0,2655.0,92600
2023-06-26,2650.0,2663.0,2616.0,2638.0,81700
2023-06-27,2618.0,2639.0,2596.0,2628.0,92700
2023-06-28,2661.0,2728.0,2660.0,2726.0,130000
2023-06-29,2726.0,2765.0,2715.0,2752.0,130300
2023-06-30,2723.0,2753.0,2713.0,2731.0,127500
2023-07-03,2758.0,2789.0,2756.0,2786.0,79900
2023-07-04,2772.0,2784.0,2759.0,2778.0,54600
2023-07-05,2753.0,2754.0,2733.0,2745.0,101500
2023-07-06,2710.0,2742.0,2703.0,2703.0,91500
2023-07-07,2669.0,2699.0,2655.0,2655.0,121000
2023-07-10,2649.0,2669.0,2602.0,2633.0,203300
2023-07-11,2647.0,2666.0,2622.0,2630.0,106800
2023-07-12,2630.0,2630.0,2550.0,2550.0,121200
2023-07-13,2548.0,2557.0,2514.0,2541.0,110700
2023-07-14,2542.0,2556.0,2506.0,2546.0,96400
2023-07-18,2551.0,2579.0,2543.0,2579.0,75200
2023-07-19,2604.0,2625.0,2568.0,2599.0,91900
2023-07-20,2567.0,2583.0,2545.0,2545.0,106600
2023-07-21,2522.0,2528.0,2502.0,2512.0,161900
2023-07-24,2545.0,2548.0,2527.0,2540.0,75300
2023-07-25,2545.0,2549.0,2516.0,2537.0,105700
2023-07-26,2537.0,2537.0,2508.0,2515.0,128000
2023-07-27,2510.0,2510.0,2490.0,2510.0,180700
2023-07-28,2487.0,2501.0,2453.0,2501.0,568300
2023-07-31,2531.0,2572.0,2520.0,2565.0,225800
2023-08-01,2556.0,2577.0,2552.0,2564.0,93900
2023-08-02,2562.0,2571.0,2531.0,2539.0,106500
2023-08-03,2530.0,2536.0,2465.0,2465.0,146000
2023-08-04,2460.0,2472.0,2435.0,2451.0,134300
2023-08-07,2501.0,2534.0,2436.0,2495.0,233700
2023-08-08,2497.0,2505.0,2447.0,2486.0,148500
2023-08-09,2487.0,2512.0,2471.0,2487.0,113000
2023-08-10,2488.0,2490.0,2451.0,2489.0,72200
2023-08-14,2466.0,2499.0,2461.0,2488.0,90400
2023-08-15,2498.0,2501.0,2477.0,2486.0,77000
2023-08-16,2475.0,2484.0,2452.0,2454.0,52600
2023-08-17,2457.0,2476.0,2432.0,2470.0,90900
2023-08-18,2450.0,2482.0,2438.0,2471.0,99400
2023-08-21,2487.0,2488.0,2453.0,2453.0,75600
2023-08-22,2457.0,2467.0,2433.0,2459.0,83200
2023-08-23,2446.0,2488.0,2446.0,2486.0,70000
2023-08-24,2486.0,2525.0,2476.0,2521.0,105500
2023-08-25,2500.0,2526.0,2495.0,2523.0,90700
2023-08-28,2546.0,2574.0,2541.0,2563.0,97800
2023-08-29,2563.0,2573.0,2550.0,2557.0,61200
2023-08-30,2569.0,2584.0,2552.0,2572.0,65600
2023-08-31,2580.0,2600.0,2569.0,2588.0,106300
2023-09-01,2597.0,2607.0,2577.0,2579.0,51700
2023-09-04,2580.0,2595.0,2569.0,2594.0,57500
2023-09-05,2594.0,2598.0,2576.0,2598.0,58000
2023-09-06,2594.0,2609.0,2591.0,2607.0,65300
2023-09-07,2591.0,2625.0,2586.0,2599.0,57400
2023-09-08,2573.0,2587.0,2563.0,2577.0,84300
2023-09-11,2586.0,2604.0,2559.0,2569.0,48900
2023-09-12,2570.0,2598.0,2570.0,2598.0,67100
2023-09-13,2606.0,2622.0,2585.0,2586.0,75300
2023-09-14,2580.0,2595.0,2562.0,2584.0,96800
2023-09-15,2605.0,2610.0,2580.0,2598.0,75300
2023-09-19,2592.0,2608.0,2581.0,2608.0,86300
2023-09-20,2610.0,2623.0,2581.0,2581.0,78200
2023-09-21,2631.0,2631.0,2570.0,2591.0,94600
2023-09-22,2602.0,2615.0,2580.0,2604.0,79100
2023-09-25,2630.0,2655.0,2604.0,2649.0,130200
2023-09-26,2668.0,2688.0,2645.0,2679.0,92500
2023-09-27,2671.0,2679.0,2635.0,2679.0,77100
2023-09-28,2680.0,2705.0,2669.0,2694.0,80600
2023-09-29,2700.0,2713.0,2657.0,2664.0,92800
2023-10-02,2693.0,2735.0,2680.0,2683.0,100900
2023-10-03,2683.0,2694.0,2654.0,2661.0,63800
2023-10-04,2630.0,2640.0,2574.0,2594.0,129200
2023-10-05,2619.0,2641.0,2611.0,2634.0,103300
2023-10-06,2635.0,2653.0,2631.0,2638.0,63800
2023-10-10,2655.0,2687.0,2654.0,2683.0,108700
2023-10-11,2682.0,2717.0,2668.0,2705.0,85700
2023-10-12,2720.0,2749.0,2713.0,2747.0,85900
2023-10-13,2725.0,2756.0,2718.0,2721.0,81200
2023-10-16,2720.0,2732.0,2688.0,2705.0,80500
2023-10-17,2703.0,2744.0,2702.0,2725.0,52400
2023-10-18,2725.0,2738.0,2707.0,2735.0,74800
2023-10-19,2708.0,2732.0,2693.0,2698.0,60300
2023-10-20,2677.0,2706.0,2670.0,2690.0,62500
2023-10-23,2683.0,2707.0,2661.0,2661.0,71500
2023-10-24,2658.0,2686.0,2608.0,2682.0,88000
2023-10-25,2682.0,2700.0,2663.0,2668.0,56600
2023-10-26,2660.0,2668.0,2583.0,2598.0,145900
2023-10-27,2614.0,2627.0,2600.0,2623.0,97800
2023-10-30,2579.0,2601.0,2571.0,2576.0,125500
2023-10-31,2590.0,2608.0,2573.0,2608.0,107700
2023-11-01,2643.0,2663.0,2622.0,2630.0,100900
2023-11-02,2646.0,2658.0,2620.0,2638.0,124200
2023-11-06,2671.0,2837.0,2671.0,2834.0,355000
2023-11-07,2825.0,2830.0,2741.0,2741.0,127100
2023-11-08,2746.0,2754.0,2708.0,2741.0,120700
2023-11-09,2744.0,2769.0,2733.0,2748.0,72200
2023-11-10,2740.0,2761.0,2713.0,2761.0,62000
2023-11-13,2771.0,2778.0,2735.0,2764.0,63700
2023-11-14,2770.0,2786.0,2761.0,2771.0,56700
2023-11-15,2781.0,2808.0,2773.0,2791.0,65600
2023-11-16,2789.0,2789.0,2748.0,2761.0,72800
2023-11-17,2762.0,2779.0,2735.0,2774.0,62000
2023-11-20,2769.0,2793.0,2756.0,2756.0,50000
2023-11-21,2760.0,2773.0,2737.0,2757.0,82600
2023-11-22,2746.0,2775.0,2738.0,2755.0,48000
2023-11-24,2755.0,2799.0,2755.0,2791.0,72900
2023-11-27,2819.0,2863.0,2817.0,2846.0,97400
2023-11-28,2841.0,2870.0,2831.0,2870.0,88700
2023-11-29,2870.0,2935.0,2867.0,2900.0,139900
2023-11-30,2900.0,2941.0,2886.0,2934.0,93700
2023-12-01,2930.0,2940.0,2905.0,2916.0,128500
2023-12-04,2920.0,2970.0,2916.0,2955.0,91700
2023-12-05,2941.0,2941.0,2863.0,2867.0,90800
2023-12-06,2867.0,2909.0,2857.0,2899.0,72100
2023-12-07,2860.0,2870.0,2836.0,2837.0,81700
2023-12-08,2845.0,2845.0,2784.0,2796.0,110100
2023-12-11,2840.0,2858.0,2832.0,2853.0,88700
2023-12-12,2882.0,2882.0,2836.0,2838.0,95100
2023-12-13,2855.0,2881.0,2855.0,2870.0,54800
2023-12-14,2885.0,2892.0,2852.0,2855.0,89700
2023-12-15,2862.0,2876.0,2823.0,2851.0,126800
2023-12-18,2801.0,2817.0,2778.0,2814.0,114800
2023-12-19,2804.0,2838.0,2792.0,2838.0,70400
2023-12-20,2830.0,2865.0,2820.0,2825.0,88200
2023-12-21,2810.0,2829.0,2792.0,2796.0,107200
2023-12-22,2824.0,2832.0,2790.0,2805.0,112100
2023-12-25,2819.0,2822.0,2788.0,2799.0,82400
2023-12-26,2791.0,2821.0,2791.0,2814.0,108900
2023-12-27,2798.0,2848.0,2788.0,2845.0,219500
2023-12-28,2645.0,2775.0,2645.0,2773.0,232200
2023-12-29,2770.0,2819.0,2745.0,2805.0,171600
2024-01-04,2755.0,2763.0,2716.0,2756.0,130700
2024-01-05,2760.0,2769.0,2698.0,2711.0,125000
2024-01-09,2727.0,2754.0,2714.0,2749.0,149400
2024-01-10,2755.0,2797.0,2739.0,2787.0,123100
2024-01-11,2837.0,2842.0,2758.0,2759.0,141000
2024-01-12,2777.0,2777.0,2740.0,2750.0,82000
2024-01-15,2746.0,2793.0,2736.0,2783.0,68300
2024-01-16,2785.0,2785.0,2737.0,2737.0,52900
2024-01-17,2740.0,2779.0,2708.0,2708.0,78100
2024-01-18,2703.0,2740.0,2700.0,2716.0,50100
2024-01-19,2738.0,2755.0,2727.0,2736.0,53500
2024-01-22,2740.0,2768.0,2739.0,2754.0,44700
2024-01-23,2779.0,2782.0,2723.0,2731.0,84500
2024-01-24,2730.0,2732.0,2684.0,2690.0,68000
2024-01-25,2688.0,2709.0,2684.0,2697.0,82500
2024-01-26,2694.0,2711.0,2681.0,2687.0,105100
2024-01-29,2695.0,2725.0,2687.0,2709.0,78400
2024-01-30,2720.0,2731.0,2696.0,2705.0,66800
2024-01-31,2700.0,2713.0,2667.0,2685.0,133200
2024-02-01,2667.0,2691.0,2644.0,2681.0,118700
2024-02-02,2681.0,2702.0,2668.0,2689.0,63200
2024-02-05,2700.0,2707.0,2685.0,2688.0,87000
2024-02-06,2683.0,2684.0,2653.0,2653.0,68300
2024-02-07,2640.0,2665.0,2628.0,2645.0,128000
2024-02-08,2647.0,2677.0,2621.0,2661.0,138400
2024-02-09,2661.0,2670.0,2643.0,2650.0,97100
2024-02-13,2580.0,2591.0,2521.0,2583.0,268600
2024-02-14,2620.0,2620.0,2537.0,2559.0,186800
2024-02-15,2564.0,2571.0,2507.0,2523.0,140300
2024-02-16,2541.0,2550.0,2514.0,2519.0,139500
2024-02-19,2539.0,2551.0,2525.0,2545.0,104100
2024-02-20,2546.0,2594.0,2545.0,2594.0,183100
2024-02-21,2583.0,2598.0,2571.0,2589.0,76300
2024-02-22,2605.0,2612.0,2590.0,2601.0,85900
2024-02-26,2621.0,2648.0,2621.0,2627.0,108100
2024-02-27,2650.0,2693.0,2649.0,2690.0,127100
2024-02-28,2690.0,2704.0,2656.0,2658.0,116200
2024-02-29,2692.0,2723.0,2682.0,2710.0,136100
2024-03-01,2703.0,2705.0,2674.0,2690.0,103200
2024-03-04,2692.0,2705.0,2647.0,2651.0,85000
2024-03-05,2651.0,2657.0,2604.0,2617.0,57300
2024-03-06,2604.0,2625.0,2601.0,2613.0,62100
2024-03-07,2628.0,2640.0,2601.0,2607.0,63600
2024-03-08,2600.0,2661.0,2595.0,2654.0,116400
2024-03-11,2634.0,2645.0,2593.0,2618.0,88300
2024-03-12,2668.0,2696.0,2622.0,2687.0,148900
2024-03-13,2695.0,2714.0,2648.0,2662.0,82000
2024-03-14,2683.0,2683.0,2646.0,2661.0,68100
2024-03-15,2655.0,2671.0,2643.0,2658.0,77400
2024-03-18,2671.0,2707.0,2664.0,2704.0,63400
2024-03-19,2720.0,2759.0,2715.0,2746.0,122800
2024-03-21,2779.0,2785.0,2748.0,2762.0,143900
2024-03-22,2774.0,2822.0,2772.0,2815.0,155600
2024-03-25,2800.0,2803.0,2716.0,2716.0,143700
2024-03-26,2695.0,2711.0,2668.0,2697.0,191200
2024-03-27,2726.0,2726.0,2699.0,2704.0,116700
2024-03-28,2704.0,2734.0,2694.0,2703.0,122200
2024-03-29,2700.0,2739.0,2695.0,2720.0,100700
2024-04-01,2760.0,2771.0,2693.0,2700.0,95800
2024-04-02,2700.0,2716.0,2657.0,2664.0,125600
2024-04-03,2650.0,2675.0,2632.0,2668.0,93900
2024-04-04,2651.0,2682.0,2646.0,2646.0,113800
2024-04-05,2630.0,2654.0,2622.0,2642.0,117800
2024-04-08,2642.0,2669.0,2641.0,2669.0,65500
2024-04-09,2669.0,2698.0,2669.0,2691.0,41100
2024-04-10,2719.0,2730.0,2710.0,2721.0,49800
2024-04-11,2700.0,2714.0,2683.0,2712.0,79100
2024-04-12,2724.0,2754.0,2724.0,2744.0,78400
2024-04-15,2720.0,2734.0,2708.0,2727.0,54600
2024-04-16,2710.0,2715.0,2678.0,2679.0,66800
2024-04-17,2689.0,2689.0,2632.0,2646.0,67300
2024-04-18,2646.0,2677.0,2646.0,2669.0,67100
2024-04-19,2653.0,2660.0,2595.0,2620.0,92200
2024-04-22,2635.0,2652.0,2618.0,2646.0,64500
2024-04-23,2646.0,2662.0,2635.0,2645.0,74300
2024-04-24,2655.0,2696.0,2655.0,2694.0,47700
2024-04-25,2680.0,2691.0,2662.0,2662.0,51500
2024-04-26,2663.0,2694.0,2662.0,2681.0,40200
2024-04-30,2694.0,2707.0,2688.0,2707.0,41500
2024-05-01,2698.0,2728.0,2689.0,2721.0,49200
2024-05-02,2721.0,2737.0,2704.0,2717.0,35100
2024-05-07,2749.0,2750.0,2719.0,2731.0,40600
2024-05-08,2726.0,2748.0,2717.0,2730.0,42200
2024-05-09,2738.0,2738.0,2704.0,2714.0,38400
2024-05-10,2701.0,2715.0,2644.0,2659.0,79500
2024-05-13,2577.0,2577.0,2460.0,2519.0,371000
2024-05-14,2510.0,2517.0,2485.0,2505.0,171600
2024-05-15,2505.0,2533.0,2504.0,2532.0,115700
2024-05-16,2532.0,2538.0,2503.0,2522.0,120400
2024-05-17,2512.0,2523.0,2475.0,2480.0,128900
2024-05-20,2482.0,2499.0,2453.0,2460.0,143900
2024-05-21,2508.0,2510.0,2475.0,2487.0,182900
2024-05-22,2474.0,2489.0,2458.0,2470.0,137800
2024-05-23,2470.0,2521.0,2470.0,2517.0,126100
2024-05-24,2471.0,2516.0,2471.0,2507.0,107600
2024-05-27,2507.0,2537.0,2502.0,2534.0,118200
2024-05-28,2538.0,2555.0,2523.0,2526.0,107400
2024-05-29,2526.0,2540.0,2505.0,2511.0,127400
2024-05-30,2498.0,2535.0,2480.0,2535.0,77800
2024-05-31,2540.0,2590.0,2535.0,2582.0,209800
2024-06-03,2598.0,2614.0,2588.0,2596.0,82400
2024-06-04,2582.0,2597.0,2571.0,2585.0,58500
2024-06-05,2570.0,2570.0,2541.0,2549.0,65800
2024-06-06,2570.0,2573.0,2540.0,2563.0,74800
2024-06-07,2550.0,2554.0,2537.0,2543.0,51500
2024-06-10,2548.0,2598.0,2548.0,2583.0,62900
2024-06-11,2583.0,2583.0,2531.0,2531.0,89900
2024-06-12,2548.0,2557.0,2529.0,2536.0,73300
2024-06-13,2536.0,2538.0,2495.0,2509.0,91500
2024-06-14,2497.0,2551.0,2496.0,2546.0,82100
2024-06-17,2546.0,2548.0,2510.0,2532.0,73600
2024-06-18,2550.0,2566.0,2550.0,2555.0,78000
2024-06-19,2540.0,2560.0,2521.0,2541.0,77100
2024-06-20,2541.0,2573.0,2540.0,2566.0,70500
2024-06-21,2566.0,2579.0,2551.0,2567.0,96300
2024-06-24,2578.0,2582.0,2552.0,2561.0,66900
2024-06-25,2561.0,2594.0,2560.0,2589.0,73800
2024-06-26,2589.0,2590.0,2572.0,2580.0,45800
2024-06-27,2572.0,2578.0,2552.0,2560.0,50000
2024-06-28,2574.0,2574.0,2543.0,2550.0,67300
2024-07-01,2551.0,2575.0,2551.0,2565.0,58800
2024-07-02,2562.0,2582.0,2559.0,2568.0,65000
2024-07-03,2560.0,2587.0,2558.0,2570.0,92700
2024-07-04,2573.0,2576.0,2554.0,2560.0,84800
2024-07-05,2561.0,2562.0,2540.0,2546.0,63100
2024-07-08,2546.0,2559.0,2530.0,2549.0,95500
2024-07-09,2533.0,2578.0,2520.0,2573.0,95600
2024-07-10,2566.0,2593.0,2527.0,2550.0,102600
2024-07-11,2564.0,2583.0,2553.0,2577.0,125600
2024-07-12,2570.0,2607.0,2567.0,2586.0,86500
2024-07-16,2606.0,2606.0,2573.0,2578.0,99600
2024-07-17,2574.0,2579.0,2556.0,2565.0,105700
2024-07-18,2536.0,2560.0,2530.0,2540.0,109300
2024-07-19,2537.0,2546.0,2509.0,2523.0,101600
2024-07-22,2523.0,2523.0,2493.0,2507.0,100800
2024-07-23,2515.0,2551.0,2515.0,2547.0,87000
2024-07-24,2526.0,2538.0,2498.0,2498.0,92300
2024-07-25,2480.0,2490.0,2448.0,2449.0,187200
2024-07-26,2442.0,2463.0,2439.0,2445.0,112500
2024-07-29,2458.0,2471.0,2443.0,2457.0,148600
2024-07-30,2440.0,2465.0,2429.0,2454.0,285200
2024-07-31,2444.0,2489.0,2440.0,2487.0,86100
2024-08-01,2483.0,2483.0,2416.0,2428.0,167900
2024-08-02,2386.0,2402.0,2318.0,2330.0,252900
2024-08-05,2325.0,2421.0,2233.0,2344.0,437500
2024-08-06,2394.0,2398.0,2279.0,2356.0,289500
2024-08-07,2306.0,2374.0,2278.0,2343.0,164300
2024-08-08,2324.0,2384.0,2324.0,2356.0,119600
2024-08-09,2405.0,2425.0,2349.0,2370.0,121500
2024-08-13,2370.0,2416.0,2370.0,2415.0,76200
2024-08-14,2425.0,2438.0,2403.0,2436.0,79700
2024-08-15,2442.0,2448.0,2410.0,2428.0,70500
2024-08-16,2448.0,2469.0,2446.0,2467.0,81400
2024-08-19,2466.0,2474.0,2443.0,2457.0,92900
2024-08-20,2476.0,2510.0,2476.0,2501.0,67100
2024-08-21,2499.0,2511.0,2485.0,2510.0,53500
2024-08-22,2520.0,2524.0,2499.0,2510.0,42600
2024-08-23,2510.0,2525.0,2489.0,2513.0,58800
2024-08-26,2516.0,2523.0,2485.0,2489.0,69600
2024-08-27,2513.0,2545.0,2492.0,2535.0,136000
2024-08-28,2525.0,2539.0,2506.0,2529.0,51600
2024-08-29,2515.0,2529.0,2487.0,2489.0,88800
2024-08-30,2490.0,2533.0,2490.0,2518.0,58200
2024-09-02,2520.0,2523.0,2492.0,2508.0,41200
2024-09-03,2507.0,2513.0,2495.0,2499.0,29100
2024-09-04,2457.0,2479.0,2453.0,2457.0,68000
2024-09-05,2457.0,2471.0,2426.0,2453.0,53900
2024-09-06,2452.0,2464.0,2445.0,2448.0,39000
2024-09-09,2426.0,2465.0,2424.0,2464.0,51900
2024-09-10,2464.0,2487.0,2456.0,2463.0,54800
2024-09-11,2461.0,2461.0,2423.0,2438.0,67000
2024-09-12,2480.0,2480.0,2450.0,2462.0,64600
2024-09-13,2488.0,2517.0,2474.0,2478.0,93200
2024-09-17,2494.0,2494.0,2461.0,2490.0,92500
2024-09-18,2506.0,2514.0,2475.0,2489.0,85000
2024-09-19,2502.0,2512.0,2493.0,2493.0,68400
2024-09-20,2517.0,2565.0,2507.0,2514.0,192100
2024-09-24,2532.0,2560.0,2530.0,2537.0,71800
2024-09-25,2532.0,2554.0,2527.0,2530.0,135100
2024-09-26,2555.0,2555.0,2530.0,2552.0,126100
2024-09-27,2552.0,2570.0,2547.0,2566.0,122000
2024-09-30,2544.0,2549.0,2524.0,2529.0,118700
2024-10-01,2531.0,2590.0,2521.0,2585.0,99500
2024-10-02,2547.0,2580.0,2541.0,2555.0,98600
2024-10-03,2584.0,2601.0,2561.0,2569.0,121800
2024-10-04,2556.0,2588.0,2556.0,2585.0,105500
2024-10-07,2619.0,2630.0,2588.0,2593.0,89400
2024-10-08,2585.0,2593.0,2575.0,2584.0,78400
2024-10-09,2587.0,2617.0,2585.0,2617.0,60900
2024-10-10,2619.0,2637.0,2608.0,2635.0,93000
2024-10-11,2625.0,2627.0,2611.0,2611.0,47400
2024-10-15,2635.0,2648.0,2605.0,2609.0,73800
2024-10-16,2582.0,2606.0,2573.0,2578.0,63000
2024-10-17,2571.0,2571.0,2548.0,2548.0,74500
2024-10-18,2550.0,2582.0,2550.0,2572.0,47400
2024-10-21,2578.0,2589.0,2564.0,2583.0,44800
2024-10-22,2588.0,2605.0,2545.0,2546.0,104900
2024-10-23,2521.0,2557.0,2520.0,2528.0,88300
2024-10-24,2528.0,2537.0,2510.0,2529.0,55700
2024-10-25,2529.0,2536.0,2510.0,2524.0,73600
2024-10-28,2525.0,2563.0,2525.0,2553.0,85000
2024-10-29,2575.0,2589.0,2548.0,2574.0,88100
2024-10-30,2592.0,2597.0,2568.0,2568.0,189500
2024-10-31,2574.0,2594.0,2571.0,2588.0,89900
2024-11-01,2571.0,2579.0,2554.0,2562.0,86200
2024-11-05,2583.0,2583.0,2552.0,2564.0,67800
2024-11-06,2540.0,2575.0,2540.0,2559.0,70700
2024-11-07,2561.0,2597.0,2561.0,2597.0,66300
2024-11-08,2610.0,2630.0,2565.0,2596.0,201300
2024-11-11,2580.0,2671.0,2580.0,2656.0,211700
2024-11-12,2656.0,2700.0,2637.0,2694.0,170900
2024-11-13,2692.0,2718.0,2681.0,2686.0,120200
2024-11-14,2710.0,2750.0,2686.0,2742.0,142600
2024-11-15,2743.0,2745.0,2667.0,2677.0,207400
2024-11-18,2677.0,2686.0,2630.0,2642.0,113400
2024-11-19,2665.0,2700.0,2656.0,2692.0,78100
2024-11-20,2700.0,2714.0,2646.0,2659.0,73900
2024-11-21,2668.0,2683.0,2659.0,2659.0,45700
2024-11-22,2684.0,2706.0,2661.0,2661.0,84100
2024-11-25,2691.0,2691.0,2648.0,2648.0,113200
2024-11-26,2659.0,2683.0,2651.0,2671.0,78900
2024-11-27,2671.0,2675.0,2611.0,2630.0,97300
2024-11-28,2630.0,2646.0,2626.0,2631.0,74400
2024-11-29,2626.0,2640.0,2625.0,2629.0,71100
2024-12-02,2647.0,2661.0,2631.0,2631.0,86600
2024-12-03,2644.0,2674.0,2631.0,2647.0,71000
2024-12-04,2647.0,2670.0,2617.0,2620.0,96000
2024-12-05,2635.0,2654.0,2635.0,2639.0,63500
2024-12-06,2642.0,2643.0,2618.0,2629.0,75800
2024-12-09,2650.0,2665.0,2645.0,2648.0,63100
2024-12-10,2668.0,2674.0,2648.0,2648.0,54700
2024-12-11,2641.0,2658.0,2637.0,2651.0,79900
2024-12-12,2678.0,2678.0,2654.0,2654.0,60100
2024-12-13,2635.0,2660.0,2635.0,2645.0,76700
2024-12-16,2645.0,2661.0,2641.0,2642.0,58100
2024-12-17,2638.0,2647.0,2625.0,2631.0,67300
2024-12-18,2630.0,2639.0,2612.0,2612.0,87600
2024-12-19,2590.0,2626.0,2587.0,2600.0,94200
2024-12-20,2591.0,2599.0,2572.0,2572.0,115200
2024-12-23,2572.0,2593.0,2568.0,2576.0,94000
2024-12-24,2573.0,2578.0,2554.0,2554.0,120000
2024-12-25,2559.0,2561.0,2542.0,2560.0,122900
2024-12-26,2555.0,2608.0,2548.0,2586.0,225400
2024-12-27,2472.0,2545.0,2450.0,2530.0,272400
2024-12-30,2543.0,2564.0,2532.0,2560.0,135100
2025-01-06,2555.0,2560.0,2491.0,2491.0,129000
2025-01-07,2500.0,2505.0,2475.0,2479.0,127500
2025-01-08,2477.0,2495.0,2450.0,2450.0,85500
2025-01-09,2451.0,2462.0,2427.0,2429.0,75600
2025-01-10,2415.0,2424.0,2410.0,2419.0,62600
2025-01-14,2397.0,2397.0,2344.0,2383.0,147700
2025-01-15,2412.0,2412.0,2385.0,2405.0,107300
2025-01-16,2413.0,2458.0,2413.0,2448.0,146600
2025-01-17,2447.0,2461.0,2432.0,2461.0,87700
2025-01-20,2465.0,2484.0,2463.0,2470.0,57700
2025-01-21,2478.0,2499.0,2476.0,2499.0,71900
2025-01-22,2494.0,2517.0,2490.0,2510.0,83000
2025-01-23,2516.0,2520.0,2497.0,2504.0,64600
2025-01-24,2516.0,2520.0,2504.0,2510.0,51600
2025-01-27,2510.0,2536.0,2508.0,2527.0,64500
2025-01-28,2524.0,2549.0,2510.0,2528.0,60700
2025-01-29,2528.0,2528.0,2463.0,2469.0,65400
2025-01-30,2473.0,2473.0,2453.0,2462.0,57200
2025-01-31,2470.0,2470.0,2435.0,2436.0,84900
